10000000
7678,118
25533,396
38046,680
68446,13868
103780,2774
137004,10854
174682,6504
201185,656
244628,991
255742,3330
337944,1216
355336,689
376316,1714
395611,1982
443015,4012
457227,2617
466209,4455
525754,5265
578003,6472
709470,11256
779832,6969
901414,4259
948327,6391
988061,11148
1021981,152
1116495,974
1155534,783
1201978,1983
1219267,9215
1284231,11804
1428092,6281
1467547,6423
1526561,2085
1630903,4563
1729515,6375
1772264,9221
1814890,1089
1925869,11244
2020883,2012
2111967,4864
2137675,3976
2201851,14967
2276156,2877
2316463,4286
2403370,3199
2469043,755
2648248,1328
2686140,1703
2733079,1522
2876357,12224
2996545,1173
3092455,9733
3200708,21037
3356931,19607
3610485,8672
3824930,3052
3953024,2673
4168946,10368
4294213,15718
4396858,13209
4517851,8386
4559206,17770
4664592,8364
4835195,119
5057862,2582
5141129,22378
5254843,1938
5505389,6307
5638085,3110
5739123,13960
5912270,18544
6149660,30339
6288558,10192
6362734,14642
6848129,19120
7086640,8899
8213632,1786368
