10000000
19889,3432
146880,1401
242061,3507
301725,5407
464067,3715
526525,4600
636535,114
675084,1785
721453,228
783515,3052
847672,3086
978454,711
1045665,9390
1190122,5007
1320599,42
1430412,103234
1604276,393
1709334,768
1806956,373
1914588,1076
1974165,445
2005540,407
2031915,1552
2235549,1341
2259784,54
2350628,44
2413614,499
2511693,2347
2613793,137
2656541,71750
2779804,40788
2833234,70770
3014631,4327
3131447,273
3267065,23265
3377430,281
3400794,234
3455545,50966
3602016,2473
3725579,754
3789908,16975
3865037,6906
4114133,1459
4154977,21197
4267229,58
4394873,21826
4620645,910
4691107,19872
4727661,25323
4844132,56
4944095,5780
5015966,18007
5052088,4721
5296539,21639
5399795,351
5424706,54625
5587702,2137
5693283,267
5770550,42490
5976560,307
6004125,6898
6039888,2386
6138120,10706
6208146,1381
6248129,536
6326751,504
6405314,1308
6565280,1057
6730250,394
6817343,10379
7004126,7649
7104546,2406
7162641,7227
7201921,43495
7604368,22776
7732903,3010
7805435,22791
7891067,43365
7973171,995
8042471,81
8105770,300
8144070,6244
8200310,64
8315474,476
8429441,2434
8509719,2667
8643124,4743
8865242,1134758
