10000000
0,12
12,1
13,2
15,21
36,74
110,91
201,19
220,23
243,81
324,103
427,112
539,144
683,63
746,182
928,102
1030,23
1053,218
1271,245
1516,187
1703,26
1729,248
1977,21
1998,57
2055,234
2289,275
2564,73
2637,10
2647,9
2656,462
3118,13
3131,3
3134,393
3527,53
3580,298
3878,35
3913,474
4387,106
4493,13
4506,79
4585,419
5004,81
5085,279
5364,407
6249,41
6290,15
6305,341
6646,450
7096,76
7172,119
7291,218
7509,571
8080,19
8099,620
8719,647
9366,119
9485,53
9538,738
10276,38
10314,206
10520,372
10892,701
11593,113
11706,494
12200,329
12529,324
12853,115
12968,664
13632,173
13805,11
13816,676
14492,206
14698,180
14878,312
15190,111
15301,525
16573,58
16631,54
16685,28
16713,163
16876,268
17144,332
17476,30
17506,58
18539,70
18609,83
18692,378
19070,991
20061,81
20142,178
20320,71
20391,1005
21396,113
21509,20
21529,44
21573,284
21857,914
22771,110
22881,893
23774,300
24074,1141
25215,79
25294,371
25665,265
25930,1041
26971,124
28260,91
28351,147
28498,92
28590,82
29887,10
29897,36
29933,1278
31211,56
31267,1
31268,5
31273,30
32667,148
32815,124
32939,169
33108,14
33122,68
33190,196
33386,1260
34646,246
34892,641
35533,968
37920,33
37953,268
38221,149
38370,254
38624,117
38741,150
38891,482
40836,7
40843,173
41016,509
41525,231
41756,260
42016,351
42367,1574
43941,90
44031,101
44132,53
44185,161
44346,179
44525,1342
45867,102
45969,863
46832,209
47041,512
47553,1395
48948,861
49809,1387
51196,104
51300,1481
52781,179
52960,274
53234,635
53869,29
55423,185
55608,125
55733,38
55771,135
55906,61
55967,902
58503,54
58557,61
58618,610
59228,43
59271,83
59354,258
59612,1844
61456,40
61496,52
61548,83
61631,495
62126,1724
63850,272
65997,73
66070,50
66120,79
66199,277
66476,467
66943,388
67331,131
69439,47
69486,299
69785,71
69856,1786
71642,119
74007,84
74091,133
74224,314
74538,141
74679,1477
76156,913
77069,58
77127,101
77228,370
77598,602
78200,2246
80446,52
80498,413
80911,5
80916,606
81522,293
81815,2226
84041,479
84520,247
84767,30
84797,300
85097,203
85300,131
85431,1511
86942,44
86986,2057
89043,91
89134,247
89381,142
89523,1002
90525,323
90848,1397
92245,382
92627,719
93346,1056
94402,189
94591,193
94784,174
94958,2133
97091,301
97392,1560
98952,824
99776,2252
102028,14
102042,327
102369,46
102415,112
102527,486
103013,1571
104584,25
104609,239
104848,510
105358,2168
107526,454
107980,142
108122,575
108697,334
109031,703
109734,251
109985,2279
112264,159
112423,190
112613,2367
114980,229
115209,97
115306,2373
117679,292
117971,86
118057,235
118292,4
118296,162
118458,987
119445,2429
121874,102
121976,201
122177,355
122532,221
122753,16
122769,983
123752,474
124226,408
124634,2652
127286,177
127463,5
127468,95
127563,505
128068,2220
130288,2591
132879,164
133043,61
133104,712
133816,2534
136350,327
136677,11
136688,860
137548,833
138381,2883
141264,150
141414,117
141531,429
141960,177
142137,664
142801,200
143001,15
143016,471
143487,1626
145113,809
145922,496
146418,2157
148575,319
148894,2812
151706,141
151847,190
152037,613
152650,277
152927,268
153195,667
153862,871
154733,2789
157522,1461
161970,20
161990,567
162557,274
162831,2714
165545,888
166433,3018
169451,35
169486,57
169543,55
169598,527
170125,266
170391,3158
173549,39
173588,837
174425,2495
180175,14
180189,15
180204,218
180422,142
180564,63
180627,1257
181884,2534
184418,3197
187615,163
187778,52
187830,269
188099,5
188104,2647
190751,2541
193292,3312
196604,385
196989,310
197299,426
197725,1522
199247,294
199541,2015
201556,101
201657,2481
204138,2346
206484,1992
208476,3177
215025,71
215096,473
215569,793
216362,306
216668,169
216837,1336
218173,273
218446,289
218735,3581
222316,142
222458,6
222464,92
222556,51
222607,1514
224121,2049
226170,370
226540,219
226759,1970
228729,3357
232086,406
232492,98
232590,1138
233728,1263
238391,102
238493,303
238796,66
238862,102
238964,390
239354,494
239848,3197
243045,1656
244701,1660
246361,3592
249953,243
250196,1006
251202,895
252097,2490
254587,3744
258331,165
258496,133
258629,219
258848,102
258950,60
259010,350
259360,1162
260522,242
260764,3784
264548,99
264647,230
264877,371
265248,321
265569,250
265819,2737
272276,5
272281,1723
274004,2097
276101,4036
280137,75
280212,2
280214,67
280281,24
280305,374
280679,961
281640,242
285738,123
285861,277
286138,370
286508,197
286705,703
287408,4075
291483,33
291516,329
291845,309
292154,21
292175,466
292641,104
292745,184
292929,49
292978,114
293092,450
293542,2974
296516,2267
298783,2485
301268,4053
305321,213
305534,427
305961,712
306673,1516
308189,474
312728,57
312785,167
312952,17
312969,4160
317129,34
317163,1057
318220,4212
322432,240
322672,4397
327069,125
327194,32
327226,99
327325,976
328301,43
328344,4349
332693,23
332716,137
332853,72
332925,1098
334023,4321
338344,45
338389,115
338504,159
338663,1135
339798,404
340202,48
340250,4474
344724,78
344802,120
344922,43
344965,1484
346449,3111
354104,35
354139,45
354184,113
354297,60
354357,361
354718,307
355025,936
355961,220
356181,348
356529,4566
361095,149
361244,8
361252,116
361368,856
362224,1487
363711,4481
368192,286
368478,40
368518,157
368675,464
369139,779
369918,1145
371063,472
371535,1878
373413,1418
379518,194
379712,39
379751,56
379807,329
380136,151
380287,810
381097,444
381541,189
381730,283
382013,227
382240,1393
383633,1393
385026,4601
389627,254
389881,52
389933,303
390236,1027
391263,2012
393275,111
393386,4517
397903,665
398568,24
403479,484
403963,127
404090,99
404189,15
404204,126
404330,253
404583,244
404827,86
404913,27
404940,718
405658,612
406270,4632
410902,228
411130,390
411520,508
412028,192
412220,26
412246,175
417378,85
417463,249
417712,18
417730,464
418194,52
418246,381
418627,1309
419936,442
420378,5134
425512,230
425742,9
425751,16
425767,431
426198,102
426300,5133
431433,271
431704,97
431801,106
431907,286
432193,85
437071,729
437800,48
437848,364
438212,28
438240,167
438407,2379
440786,4804
445590,714
446304,83
446387,142
446529,859
447388,336
447724,502
448226,636
448862,1218
450080,139
455148,606
455754,159
455913,375
456288,220
456508,23
456531,122
456653,554
457207,737
457944,5419
463363,3011
466374,5568
471942,46
471988,145
472133,390
472523,780
473303,1556
474859,1559
476418,125
482170,73
482243,36
482279,187
482466,129
482595,196
482791,5603
488394,360
488754,414
489168,117
489285,3299
492584,2901
495485,5639
501124,355
501479,143
501622,378
502000,254
502254,7
502261,562
502823,401
503224,650
503874,2443
506317,2330
508647,704
509351,2130
511481,5714
517195,119
517314,419
517733,353
518086,736
518822,5668
524490,1057
525547,2238
527785,5728
533513,314
533827,110
533937,250
534187,430
534617,480
535097,32
535129,557
535686,6106
541792,137
541929,148
542077,347
542424,18
542442,204
542646,556
543202,168
543370,1495
544865,1528
546393,256
546649,5186
551835,3723
555558,2618
558176,1650
559826,5836
565662,72
565734,1098
566832,910
567742,12
573947,12
573959,21
573980,194
574174,296
574470,8
574478,923
575401,728
576129,1995
578124,2171
580295,271
580566,3860
584426,2961
587387,1703
589090,2015
591105,3247
594352,537
594889,5310
600199,2442
602641,6160
608801,202
609003,245
609248,1380
610628,48
610676,399
611075,307
611382,6200
617582,337
617919,375
618294,252
618546,846
619392,3936
623328,800
624128,1154
625282,233
625515,3568
629083,259
629342,1202
636853,33
636886,203
637089,56
637145,34
637179,28
637207,804
638011,606
638617,651
639268,124
639392,232
639624,119
639743,368
640111,6378
646489,46
646535,2440
648975,152
649127,547
649674,1562
651236,2856
654092,2232
656324,1531
657855,786
658641,4618
663259,4230
667489,1232
674961,194
675155,184
675339,12
675351,339
675690,2415
678105,3612
688082,285
688367,50
688417,116
688533,1405
689938,404
690342,1083
691425,125
691550,564
692114,661
699218,221
699439,271
699710,367
700077,782
700859,707
701566,104
701670,744
702414,935
703349,4704
708053,4320
719240,60
719300,18
719318,306
719624,267
719891,182
720073,554
720627,237
720864,23
720887,4970
725857,6729
732586,242
732828,105
732933,227
733160,1199
734359,177
734536,219
734755,60
734815,4
734819,61
734880,2427
737307,1050
738357,34
738391,176
738567,4073
742640,211
749950,34
749984,433
750417,30
750447,374
750821,586
751407,307
751714,1880
760264,427
760691,138
760829,556
761385,323
761708,401
762109,598
762707,12
762719,1141
763860,2521
773368,140
773508,587
774095,106
774201,775
774976,545
775521,201
775722,12
775734,1241
776975,295
777270,501
777771,5879
783650,7119
790769,713
791482,234
791716,3569
795285,7286
802571,367
802938,107
803045,218
803263,145
803408,753
804161,263
804424,159
804583,428
805011,1455
806466,180
806646,718
807364,3698
811062,684
819015,1
819016,72
819088,1910
820998,7148
828146,644
828790,40
828830,96
828926,279
829205,776
829981,864
830845,2351
833196,1264
834460,7314
841774,568
842342,119
842461,1
842462,153
842615,160
842775,16
842791,868
843659,983
844642,242
844884,7841
852725,92
852817,646
853463,93
853556,350
853906,492
854398,267
854665,1220
855885,44
855929,670
856599,7291
863890,697
864587,7753
872340,184
872524,106
872630,288
872918,560
881036,513
881549,23
881572,316
881888,261
882149,315
882464,41
882505,41
882546,418
882964,430
883394,278
883672,780
884452,1376
885828,1156
886984,7534
894518,8013
902531,304
902835,109
902944,461
903405,624
904029,3
904032,128
904160,284
904444,490
904934,146
905080,1154
906234,736
906970,2605
909575,1674
918797,654
919451,21
919472,76
919548,868
920416,203
920619,1251
921870,130
922000,61
922061,2221
924282,588
924870,580
925450,5675
931125,2588
941885,98
941983,1
941984,141
942125,45
942170,691
942861,801
943662,4511
948173,216
948389,7848
956237,6994
963231,4092
967323,1628
968951,3847
972798,8145
980943,4981
985924,8065
993989,8443
1002432,170
1002602,52
1002654,460
1003114,29
1003143,43
1003186,66
1003252,1023
1004275,403
1004678,7907
1012585,8243
1020828,1320
1022148,6809
1028957,1281
1030238,8456
1038694,61
1038755,1378
1040133,4
1040137,1386
1041523,569
1042092,358
1042450,1406
1043856,7605
1051461,5441
1065515,11
1065526,206
1065732,86
1065818,188
1066006,63
1066069,753
1066822,443
1067265,2928
1070193,2172
1072365,8400
1080765,142
1080907,7635
1088542,338
1088880,8868
1097748,78
1097826,85
1097911,95
1098006,274
1098280,819
1099099,10
1099109,941
1100050,1105
1101155,410
1101565,520
1102085,7102
1109187,8473
1117660,247
1117907,138
1118045,590
1118635,953
1119588,132
1119720,984
1120704,1964
1122668,716
1123384,8682
1132066,44
1132110,82
1132192,1119
1133311,120
1133431,92
1133523,544
1134067,253
1134320,3902
1138222,9046
1147268,82
1147350,2
1147352,514
1147866,142
1148008,60
1148068,151
1148219,182
1148401,43
1148444,740
1149184,831
1150015,2859
1152874,2598
1155472,8968
1164440,72
1164512,375
1164887,957
1165844,2346
1168190,167
1168357,652
1169009,83
1169092,715
1169807,742
1170549,9013
1179562,221
1179783,199
1179982,42
1180024,76
1180100,124
1180224,388
1180612,5813
1186425,709
1187134,9209
1196343,302
1196645,26
1196671,122
1196793,104
1196897,287
1197184,1027
1198211,636
1198847,3223
1211293,294
1211587,39
1211626,362
1211988,336
1212324,9
1212333,105
1212438,2635
1215073,31
1223987,455
1224442,119
1224561,119
1224680,50
1224730,121
1224851,387
1225238,76
1225314,507
1225821,1186
1227007,9186
1236193,298
1236491,331
1236822,137
1236959,480
1237439,362
1237801,307
1238108,114
1238222,788
1239010,201
1239211,236
1239447,3057
1242504,8599
1260292,205
1260497,495
1260992,219
1261211,174
1261385,38
1261423,492
1261915,17
1261932,3607
1265539,3829
1269368,160
1278887,285
1279172,118
1279290,303
1279593,142
1279735,329
1280064,126
1280190,729
1280919,232
1281151,6968
1297681,16
1297697,88
1297785,140
1297925,43
1297968,1033
1299001,631
1299632,1367
1300999,435
1301434,1129
1302563,3803
1306366,9025
1315391,1346
1316737,9614
1326351,64
1326415,169
1326584,827
1327411,173
1327584,367
1327951,8443
1336394,3092
1339486,9743
1349229,160
1349389,15
1349404,54
1349458,700
1350158,303
1350461,328
1350789,93
1350882,132
1351014,348
1351362,311
1351673,3898
1355571,957
1356528,5358
1361886,3568
1365454,9609
1375063,713
1375776,245
1376021,346
1376367,953
1377320,341
1377661,339
1378000,85
1378085,9547
1387632,284
1387916,257
1388173,9782
1397955,132
1398087,419
1398506,436
1398942,249
1399191,11
1399202,235
1399437,1689
1401126,32
1401158,527
1401685,1177
1402862,7346
1410208,8186
1418394,9086
1427480,4017
1431497,677
1432174,9554
1441728,3166
1444894,1719
1446613,2795
1449408,10051
1459459,490
1459949,26
1459975,241
1460216,402
1460618,258
1460876,515
1461391,2339
1463730,3112
1466842,3731
1470573,4017
1474590,10138
1484728,481
1485209,428
1485637,125
1485762,99
1485861,672
1486533,1023
1487556,333
1487889,132
1488021,459
1488480,603
1489083,1379
1490462,1423
1491885,212
1502200,14
1502214,774
1502988,142
1503130,166
1503296,26
1503322,1452
1504774,9597
1514371,340
1514711,413
1515124,2022
1517146,257
1517403,237
1517640,2345
1519985,2189
1522174,484
1522658,1820
1534678,346
1535024,110
1535134,253
1535387,199
1535586,189
1535775,32
1535807,1075
1536882,4985
1541867,9331
1551198,1542
1562863,292
1563155,402
1563557,617
1564174,263
1564437,357
1564794,52
1564846,48
1564894,705
1565599,140
1565739,53
1565792,7797
1573589,9518
1583107,2579
1585686,10265
1595951,744
1596695,428
1597123,240
1597363,630
1597993,1042
1599035,407
1599442,10368
1609810,444
1610254,682
1610936,319
1611255,1159
1612414,3
1612417,314
1612731,534
1613265,6948
1620213,2408
1633247,76
1633323,157
1633480,125
1633605,480
1634085,54
1634139,180
1634319,876
1635195,550
1635745,404
1636149,1235
1637384,420
1637804,9758
1647562,929
1648491,10551
1659042,560
1659602,581
1660183,134
1660317,1269
1661586,523
1662109,5794
1678746,10
1678756,500
1679256,399
1679655,68
1679723,1380
1681103,993
1682096,113
1682209,610
1682819,1071
1683890,3234
1687124,8399
1706136,208
1706344,1036
1707380,126
1707506,197
1707703,523
1708226,351
1708577,2933
1711510,138
1711648,930
1712578,2561
1715139,2665
1728744,119
1728863,25
1728888,710
1729598,529
1730127,627
1730754,59
1730813,1413
1732226,10946
1743172,266
1743438,915
1744353,366
1744719,123
1744842,552
1745394,305
1745699,727
1746426,1448
1747874,2520
1750394,5173
1766908,91
1766999,482
1767481,319
1767800,796
1768596,263
1768859,299
1769158,566
1769724,2167
1771891,228
1772119,931
1773050,9562
1794165,422
1794587,51
1794638,89
1794727,1724
1796451,922
1797373,1429
1798802,1874
1800676,119
1800795,67
1800862,1020
1801882,10838
1812720,104
1812824,750
1813574,1169
1826659,216
1826875,206
1827081,264
1827345,164
1827509,158
1827667,81
1827748,320
1828068,1713
1829781,1610
1831391,654
1832045,2894
1834939,3796
1838735,4086
1842821,11466
1854287,1069
1855356,130
1855486,10
1855496,175
1855671,325
1855996,414
1868429,265
1868694,221
1868915,759
1869674,156
1869830,1116
1870946,218
1871164,764
1871928,615
1872543,817
1873360,5332
1890771,184
1890955,191
1891146,549
1891695,555
1892250,97
1892347,79
1892426,1806
1906738,149
1906887,23
1906910,25
1906935,421
1907356,71
1907427,123
1907550,1000
1908550,1556
1910106,977
1911083,2256
1913339,5983
1919322,3251
1922573,3054
1925627,1566
1927193,467
1927660,1110
1928770,12719
1941489,75
1941564,4
1941568,85
1941653,930
1942583,268
1942851,1206
1944057,1185
1945242,214
1945456,44
1945500,1024
1946524,647
1947171,1366
1948537,2500
1951037,12498
1963535,208
1963743,185
1963928,3
1963931,1489
1965420,145
1965565,43
1965608,484
1966092,10040
1976132,11038
1987170,1111
1988281,6248
1994529,9827
2004356,3473
2007829,12042
2019871,1062
2020933,485
2021418,255
2021673,92
2021765,165
2021930,468
2022398,412
2022810,10515
2045856,226
2046082,14
2046096,416
2046512,978
2047490,437
2047927,72
2047999,826
2048825,8116
2056941,12295
2069236,583
2069819,1287
2071106,2705
2073811,1686
2075497,2114
2077611,4750
2082361,6559
2088920,6365
2095285,4151
2099436,11932
2111368,6992
2118360,12959
2131319,275
2131594,22
2131616,868
2132484,306
2132790,501
2133291,1196
2134487,1128
2135615,211
2135826,580
2136406,3757
2140163,4051
2144214,477
2144691,181
2144872,2887
2160422,691
2161113,196
2161309,14
2161323,974
2162297,152
2162449,134
2162583,3744
2166327,1709
2168036,200
2168236,1674
2169910,9139
2179049,7718
2186767,13075
2199842,83
2199925,149
2200074,620
2200694,952
2201646,1
2201647,464
2202111,582
2202693,873
2203566,7727
2211293,2072
2213365,9310
2222675,13287
2235962,346
2236308,123
2236431,282
2236713,82
2236795,4082
2240877,1346
2242223,428
2242651,3189
2259530,131
2259661,267
2259928,110
2260038,147
2260185,516
2260701,79
2260780,231
2261011,460
2261471,870
2262341,968
2263309,5158
2268467,435
2268902,1959
2270861,13350
2284211,1197
2285408,293
2285701,192
2285893,1061
2286954,7809
2294763,1981
2296744,13598
2310342,41
2310383,1455
2311838,606
2312444,103
2312547,286
2312833,203
2313036,240
2313276,2111
2315387,777
2316164,1419
2317583,5612
2323195,4358
2327553,2692
2330245,9784
2340029,9833
2349862,12521
2362383,13729
2376112,6
2376118,35
2376153,126
2376279,912
2377191,106
2377297,698
2377995,485
2378480,1926
2380406,1148
2381554,1509
2383063,3705
2386768,13878
2400646,370
2401016,115
2401131,834
2401965,200
2402165,241
2402406,222
2402628,990
2403618,649
2404267,620
2404887,663
2405550,5122
2410672,1066
2411738,9869
2421607,3021
2424628,14007
2438635,38
2438673,103
2438776,583
2439359,272
2439631,2940
2442571,10256
2452827,2592
2455419,14076
2469495,1364
2470859,196
2471055,89
2471144,472
2471616,979
2472595,1950
2474545,2774
2477319,534
2477853,1815
2479668,14084
2493752,312
2494064,795
2494859,94
2494953,490
2495443,2161
2511700,170
2511870,218
2512088,732
2512820,416
2513236,518
2513754,68
2513822,127
2513949,789
2514738,4
2514742,6010
2520752,2628
2523380,14261
2537641,328
2537969,342
2538311,372
2538683,134
2538817,156
2538973,13243
2552216,2402
2554618,6898
2561516,3131
2564647,6175
2570822,14355
2585177,534
2585711,403
2586114,263
2586377,913
2587290,4
2587294,394
2587688,622
2588310,431
2588741,4880
2593621,14257
2607878,303
2608181,564
2608745,278
2609023,285
2609308,37
2609345,6409
2615754,14282
2630036,315
2630351,708
2631059,457
2631516,59
2631575,967
2632542,193
2632735,97
2632832,14200
2647032,12888
2674289,318
2674607,194
2674801,776
2675577,21
2675598,289
2675887,657
2676544,2713
2679257,79
2679336,345
2679681,515
2680196,3341
2683537,4566
2688103,12192
2700295,13963
2714258,110
2714368,1634
2716002,8446
2739237,373
2739610,508
2740118,200
2740318,206
2740524,156
2740680,986
2741666,12
2741678,380
2742058,15
2742073,445
2742518,2089
2744607,9685
2754292,2622
2771703,31
2771734,436
2772170,83
2772253,1245
2773498,372
2773870,3336
2777206,519
2777725,3792
2796381,215
2796596,465
2797061,162
2797223,760
2797983,94
2798077,112
2798189,155
2798344,1282
2799626,862
2800488,24
2800512,796
2801308,14822
2816130,532
2816662,7
2816669,95
2816764,4864
2836800,238
2837038,299
2837337,358
2837695,1251
2838946,280
2839226,725
2839951,422
2840373,2957
2843330,349
2843679,2100
2845779,8944
2870029,156
2870185,262
2870447,340
2870787,202
2870989,306
2871295,737
2872032,110
2872142,6387
2878529,126
2878655,9597
2888252,14950
2903202,8485
2927275,75
2927350,451
2927801,303
2928104,52
2928156,373
2928529,3031
2931560,689
2947463,171
2947634,765
2948399,27
2948426,5380
2953806,6434
2960240,4289
2964529,1663
2966192,8942
2975134,15573
2990707,267
2990974,883
2991857,3308
2995165,15738
3010903,80
3010983,475
3011458,565
3012023,458
3012481,276
3012757,26
3012783,496
3013279,2073
3015352,6378
3021730,9174
3030904,15934
3046838,332
3047170,10
3047180,2109
3049289,3
3049292,4335
3053627,752
3054379,5121
3059500,7118
3066618,14551
3081169,643
3081812,9571
3107364,40
3107404,336
3107740,78
3107818,387
3108205,536
3108741,106
3108847,2367
3111214,216
3111430,1056
3112486,850
3113336,1972
3115308,2501
3117809,1530
3119339,13696
3149148,153
3149301,30
3149331,38
3149369,930
3150299,1122
3151421,188
3151609,701
3152310,61
3152371,1688
3154059,1058
3155117,1294
3156411,15811
3172222,697
3172919,8
3172927,189
3173116,314
3173430,3855
3177285,10273
3187558,15755
3203313,359
3203672,2006
3205678,15869
3221547,271
3237800,51
3237851,582
3238433,217
3238650,82
3238732,383
3239115,15
3239130,2363
3241493,12033
3253526,11977
3265503,8880
3274383,10794
3285177,140
3285317,10769
3296086,16247
3312333,2230
3314563,9667
3324230,7533
3331763,5170
3336933,16506
3353439,215
3353654,124
3353778,277
3354055,193
3354248,195
3354443,882
3355325,220
3355545,1137
3356682,1054
3357736,566
3358302,4728
3379739,59
3379798,220
3380018,184
3380202,112
3380314,179
3380493,1064
3381557,196
3381753,1723
3383476,1243
3384719,826
3385545,1606
3387151,127
3387278,746
3388024,20
3404620,289
3404909,36
3404945,389
3405334,126
3405460,74
3405534,181
3405715,963
3406678,810
3407488,3436
3410924,3650
3414574,3025
3417599,11637
3429236,12852
3442088,16398
3458486,228
3458714,148
3458862,412
3459274,679
3459953,31
3459984,860
3460844,570
3461414,248
3461662,9808
3471470,2185
3473655,14096
3504086,112
3504198,787
3504985,383
3505368,1
3505369,808
3506177,811
3506988,1944
3508932,4300
3513232,1899
3515131,1293
3516424,3973
3520397,280
3520677,230
3537729,206
3537935,600
3538535,767
3539302,37
3539339,899
3540238,113
3540351,7257
3547608,1244
3548852,10430
3559282,17064
3576346,123
3576469,307
3576776,598
3577374,336
3577710,1318
3579028,885
3579913,1597
3598331,372
3598703,138
3598841,4628
3603469,1278
3604747,12225
3616972,4806
3621778,17214
3638992,58
3639050,170
3639220,432
3639652,551
3640203,298
3640501,3585
3644086,771
3644857,6605
3651462,2287
3653749,11559
3682568,187
3682755,25
3682780,292
3683072,370
3683442,133
3683575,4253
3705111,221
3705332,615
3705947,148
3723455,169
3723624,377
3724001,147
3724148,348
3724496,1862
3726358,374
3726732,557
3744845,295
3745140,300
3745440,104
3745544,195
3745739,191
3745930,568
3746498,678
3747176,662
3747838,1046
3748884,4975
3753859,15003
3768862,8303
3777165,17279
3794444,758
3795202,384
3795586,98
3795684,8064
3803748,3594
3807342,2221
3809563,4934
3814497,12149
3826646,17733
3844379,479
3844858,350
3845208,24
3845232,135
3845367,59
3845426,4366
3849792,3624
3853416,17539
3870955,844
3871799,41
3871840,122
3871962,558
3872520,1028
3873548,195
3873743,14412
3906092,185
3906277,157
3906434,432
3906866,312
3907178,261
3907439,261
3907700,441
3908141,183
3908324,2161
3910485,127
3910612,478
3911090,13605
3942836,207
3943043,81
3943124,166
3943290,300
3943590,460
3944050,68
3944118,488
3944606,155
3944761,7710
3952471,18126
3970597,446
3971043,115
3971158,47
3971205,161
3971366,38
3971404,661
3972065,1750
3973815,404
3974219,600
3974819,7
3974826,688
3975514,4195
3979709,1335
3981044,17647
3998691,426
3999117,914
4000031,3196
4003227,17694
4020921,18312
4039233,295
4039528,100
4039628,216
4039844,442
4040286,74
4040360,729
4041089,2572
4043661,13209
4056870,635
4057505,15453
4072958,4004
4076962,18565
4095527,99
4095626,137
4095763,347
4096110,549
4096659,85
4096744,453
4097197,158
4097355,2566
4099921,4155
4104076,18017
4122093,387
4122480,459
4122939,1447
4124386,18577
4142963,190
4143153,1958
4145111,1192
4146303,177
4146480,135
4146615,197
4146812,3522
4150334,1459
4151793,12280
4164073,13219
4196085,49
4196134,189
4196323,127
4196450,402
4196852,283
4197135,435
4197570,365
4197935,411
4198346,1370
4199716,1855
4220166,254
4220420,271
4220691,48
4220739,30
4220769,372
4221141,390
4221531,400
4221931,272
4222203,554
4222757,988
4223745,1594
4225339,365
4225704,12315
4238019,13848
4270952,110
4271062,131
4271193,30
4271223,728
4271951,1766
4273717,48
4273765,444
4274209,22
4274231,193
4274424,2015
4276439,55
4276494,1471
4277965,4830
4282795,1015
4283810,16719
4300529,17020
4317549,16354
4333903,19052
4352955,316
4353271,748
4354019,687
4354706,1285
4355991,174
4356165,159
4356324,2379
4358703,855
4359558,5670
4365228,3112
4368340,4289
4372629,18951
4391580,228
4391808,882
4392690,7
4392697,161
4392858,335
4393193,146
4412559,128
4412687,288
4412975,314
4413289,441
4413730,394
4414124,138
4414262,1731
4415993,452
4416445,1434
4417879,2728
4420607,10018
4430625,7939
4438564,19162
4457726,1953
4459679,911
4460590,253
4460843,342
4461185,367
4461552,63
4461615,273
4461888,1191
4463079,1780
4464859,15814
4480673,19099
4499772,671
4500443,329
4500772,392
4501164,150
4501314,118
4501432,3027
4504459,4894
4528599,523
4529122,368
4529490,100
4529590,98
4529688,158
4529846,176
4530022,398
4530420,948
4531368,813
4532181,3658
4555075,152
4555227,1476
4556703,1436
4558139,490
4558629,142
4558771,363
4559134,314
4559448,168
4559616,78
4559694,2073
4561767,12585
4574352,19543
4593895,507
4594402,30
4594432,55
4594487,2265
4596752,343
4597095,78
4597173,990
4598163,922
4599085,172
4599257,452
4599709,5054
4604763,19461
4624224,346
4624570,153
4624723,467
4625190,10347
4635537,1249
4636786,360
4637146,6248
4643394,19803
4663197,65
4663262,490
4663752,83
4663835,543
4664378,545
4664923,652
4665575,21
4665596,1743
4667339,192
4667531,2088
4669619,160
4669779,1005
4670784,2823
4673607,3779
4677386,19587
4696973,89
4697062,559
4697621,263
4697884,413
4698297,406
4698703,302
4699005,2404
4701409,1794
4703203,4387
4707590,3195
4710785,5845
4716630,4093
4720723,19899
4740622,242
4740864,250
4741114,49
4741163,805
4741968,20000
4761968,63
4762031,472
4762503,278
4762781,360
4763141,1131
4784783,2
4784785,278
4785063,131
4785194,82
4785276,224
4785500,711
4786211,935
4787146,2087
4789233,548
4789781,569
4790350,294
4790644,8468
4799112,7521
4806633,4204
4810837,14266
4845671,65
4845736,267
4846003,119
4846122,146
4846268,15
4846283,36
4846319,1155
4847474,172
4847646,352
4847998,940
4848938,2503
4851441,495
4851936,14
4851950,4225
4856175,19563
4875738,472
4896490,168
4896658,271
4896929,8
4896937,1147
4898084,891
4898975,1376
4900351,437
4900788,252
4901040,769
4922201,168
4922369,248
4922617,301
4922918,23
4922941,244
4923185,330
4923515,965
4924480,770
4925250,3937
4929187,2487
4931674,66
4931740,612
4932352,20557
4952909,260
4953169,89
4953258,20464
4973722,401
4974123,1455
4975578,14
4975592,93
4975685,632
4976317,200
4976517,1760
4978277,323
4978600,476
4979076,1298
4980374,3209
4983583,20688
5004271,514
5004785,1327
5006112,603
5006715,70
5006785,872
5007657,643
5008300,463
5008763,4268
5013031,3729
5016760,983
5017743,6952
5024695,20319
5045014,20079
5065093,20791
5085884,419
5086303,19
5086322,672
5086994,168
5087162,34
5087196,51
5087247,1675
5088922,1162
5090084,4126
5094210,20702
5114912,233
5115145,143
5115288,1328
5116616,111
5116727,1066
5117793,375
5118168,727
5118895,607
5119502,12118
5131620,5114
5136734,14722
5151456,16403
5167859,21132
5188991,74
5189065,50
5189115,110
5189225,145
5189370,3727
5193097,2960
5196057,913
5196970,204
5197174,15
5197189,45
5217976,243
5218219,316
5218535,250
5218785,611
5219396,679
5220075,41
5220116,658
5220774,951
5221725,1099
5222824,9628
5232452,10278
5242730,4859
5268433,445
5268878,370
5269248,77
5269325,3198
5272523,1241
5273764,686
5274450,19055
5293505,8938
5302443,3146
5305589,20722
5326311,543
5326854,607
5327461,135
5327596,1313
5328909,455
5329364,11
5329375,358
5329733,603
5330336,2380
5332716,3085
5356664,1121
5357785,308
5358093,14
5358107,181
5358288,77
5358365,991
5359356,2780
5362136,1462
5363598,1536
5365134,3143
5368277,307
5368584,196
5368780,1832
5370612,21086
5391698,736
5392434,681
5393115,980
5394095,381
5394476,468
5394944,75
5395019,195
5395214,835
5396049,1608
5397657,1817
5399474,552
5400026,1500
5401526,9191
5410717,2138
5412855,21260
5434115,672
5434787,691
5435478,382
5435860,827
5436687,30
5436717,1808
5438525,2986
5441511,1808
5443319,9283
5452602,1146
5453748,6468
5460216,20963
5481179,1004
5482183,109
5482292,2380
5484672,938
5485610,310
5485920,429
5486349,96
5486445,799
5487244,484
5487728,712
5488440,16827
5505267,1894
5528497,444
5528941,298
5529239,825
5530064,1153
5531217,68
5531285,898
5532183,749
5532932,1782
5534714,2256
5536970,2209
5539179,1456
5540635,1039
5541674,19082
5560756,18814
5601325,278
5601603,315
5601918,382
5602300,1623
5603923,1100
5605023,1348
5606371,154
5606525,1356
5607881,742
5608623,2931
5611554,198
5611752,724
5612476,6106
5618582,14697
5633279,9532
5664482,549
5665031,602
5665633,172
5665805,190
5665995,522
5666517,1653
5668170,1870
5670040,97
5670137,4572
5674709,14143
5688852,966
5689818,2874
5692692,22230
5714922,346
5715268,759
5716027,1505
5717532,402
5717934,1499
5719433,499
5719932,598
5720530,1808
5722338,843
5723181,3278
5726459,3857
5730316,12897
5743213,12472
5755685,22376
5778061,148
5778209,210
5778419,301
5778720,1302
5780022,2757
5782779,2511
5785290,6279
5791569,7028
5798597,22137
5820734,530
5821264,1112
5822376,1011
5823387,2953
5826340,457
5826797,1553
5828350,257
5828607,402
5829009,496
5829505,3546
5833051,22246
5855297,396
5855693,250
5855943,381
5856324,721
5857045,464
5857509,51
5857560,1577
5859137,1564
5860701,316
5861017,2038
5863055,17574
5880629,2186
5905239,138
5905377,399
5905776,1342
5907118,347
5907465,89
5907554,5751
5913305,203
5913508,175
5913683,1347
5915030,8011
5923041,4236
5927277,13024
5962833,102
5962935,179
5963114,388
5963502,2229
5965731,11220
5976951,910
5977861,3324
5981185,3865
5985050,4921
5989971,1821
5991792,22793
6014585,520
6015105,134
6015239,54
6015293,131
6015424,1460
6016884,11872
6028756,11028
6062166,156
6062322,254
6062576,1765
6087158,245
6087403,167
6087570,681
6088251,817
6089068,113
6089181,1679
6090860,2745
6093605,1190
6094795,615
6095410,3690
6099100,7345
6106445,1893
6131150,599
6131749,6
6131755,241
6131996,344
6132340,372
6132712,394
6133106,199
6133305,743
6134048,385
6134433,1256
6135689,292
6135981,2089
6138070,7912
6145982,11477
6157459,6082
6186750,38
6186788,110
6186898,1910
6188808,258
6189066,1109
6190175,1359
6191534,209
6191743,1784
6193527,4005
6197532,1369
6198901,58
6198959,4195
6203154,814
6227317,67
6227384,234
6227618,775
6228393,215
6228608,2112
6230720,231
6230951,3256
6234207,2680
6236887,5805
6242692,8671
6251363,23196
6274559,894
6275453,348
6275801,354
6276155,96
6276251,1200
6277451,2796
6280247,3505
6283752,1835
6285587,5238
6290825,5386
6296211,11957
6308168,22946
6331114,380
6331494,1206
6332700,1383
6334083,789
6334872,173
6335045,985
6336030,1973
6338003,3564
6341567,19782
6384717,164
6384881,684
6385565,673
6386238,734
6386972,5
6386977,281
6387258,736
6387994,119
6388113,197
6388310,6
6388316,463
6388779,548
6389327,2026
6391353,7854
6399207,1207
6400414,17498
6417912,23463
6441375,201
6441576,1292
6442868,83
6442951,303
6443254,969
6444223,4550
6448773,747
6449520,597
6450117,9893
6484302,9
6484311,391
6484702,333
6485035,11
6485046,2089
6487135,462
6487597,110
6487707,739
6488446,1530
6489976,9826
6499802,732
6500534,23605
6524139,367
6524506,23
6524529,1253
6525782,43
6525825,464
6526289,1336
6527625,451
6528076,466
6528542,18
6528560,3733
6532293,318
6532611,992
6533603,1940
6558961,593
6559554,463
6560017,3183
6587038,229
6587267,533
6587800,486
6588286,1463
6589749,1576
6591325,604
6591929,878
6592807,613
6593420,206
6593626,1124
6594750,10254
6605004,16291
6621295,5480
6650562,827
6651389,108
6651497,2
6651499,3200
6654699,1132
6655831,1551
6657382,1450
6658832,4275
6663107,4659
6667766,712
6668478,24163
6692641,498
6693139,413
6693552,139
6693691,18
6693709,79
6693788,3083
6696871,274
6697145,3049
6700194,66
6700260,872
6701132,9263
6710395,3081
6737746,475
6738221,592
6738813,21
6738834,596
6739430,1470
6740900,688
6741588,519
6742107,5012
6747119,285
6747404,2250
6749654,7199
6756853,24752
6781605,350
6781955,302
6782257,758
6783015,2524
6785539,927
6786466,4934
6791400,537
6791937,3599
6795536,16361
6811897,761
6837423,351
6837774,390
6838164,220
6838384,255
6838639,866
6839505,477
6839982,100
6840082,603
6840685,2653
6843338,772
6844110,1965
6871011,177
6871188,372
6871560,25
6871585,2567
6874152,3267
6877419,903
6878322,3459
6881781,529
6882310,319
6882629,14833
6897462,25343
6922805,431
6923236,127
6923363,1233
6924596,607
6925203,747
6925950,136
6926086,614
6926700,1234
6927934,598
6928532,665
6929197,544
6929741,15875
6971371,231
6971602,289
6971891,194
6972085,319
6972404,1056
6973460,15
6973475,508
6973983,1215
6975198,1546
6976744,130
6976874,1396
6978270,4631
6982901,12307
6995208,1400
6996608,612
6997220,25377
7022597,208
7022805,218
7023023,2081
7025104,7374
7032478,2629
7035107,192
7035299,8065
7043364,7499
7050863,25332
7076195,342
7076537,107
7076644,147
7076791,97
7076888,432
7077320,1639
7078959,153
7079112,187
7079299,25228
7104527,343
7104870,446
7105316,310
7105626,25167
7130793,816
7131609,101
7131710,1505
7133215,1419
7134634,354
7134988,2143
7137131,1852
7138983,634
7139617,1143
7140760,102
7140862,946
7141808,651
7142459,11913
7154372,3039
7157411,25195
7182606,501
7183107,199
7183306,953
7184259,616
7184875,2025
7186900,45
7186945,450
7187395,1286
7188681,650
7189331,8920
7198251,10387
7208638,25813
7234451,220
7234671,295
7234966,585
7235551,100
7235651,3442
7239093,162
7239255,343
7239598,1250
7240848,7800
7248648,162
7248810,7044
7281872,114
7281986,12
7281998,461
7282459,127
7282586,1447
7284033,360
7284393,233
7284626,132
7284758,14332
7324438,548
7324986,3
7324989,236
7325225,2579
7327804,277
7328081,209
7328290,663
7328953,13108
7367581,567
7368148,728
7368876,834
7369710,2918
7372628,845
7373473,67
7373540,430
7373970,161
7374131,164
7374295,1592
7375887,5444
7381331,11635
7392966,26161
7419127,260
7419387,157
7419544,788
7420332,66
7420398,2350
7422748,560
7423308,623
7423931,1801
7425732,3789
7456029,191
7456220,994
7457214,216
7457430,72
7457502,31
7457533,1131
7458664,742
7459406,2213
7461619,658
7462277,685
7462962,1169
7464131,3173
7467304,1625
7468929,2050
7470979,1780
7498972,412
7499384,15
7499399,1120
7500519,1422
7501941,188
7502129,1510
7503639,4687
7508326,7147
7515473,26239
7541712,436
7542148,205
7542353,2954
7545307,2264
7547571,1510
7549081,6925
7556006,2957
7558963,8051
7567014,4190
7571204,5340
7576544,26286
7602830,541
7603371,227
7603598,106
7603704,40
7603744,109
7603853,2023
7605876,1131
7607007,4389
7637704,460
7638164,329
7638493,767
7639260,214
7639474,446
7639920,658
7640578,2068
7642646,103
7642749,422
7643171,1347
7644518,8594
7653112,7510
7687751,98
7687849,49
7687898,888
7688786,673
7689459,493
7689952,170
7690122,1155
7691277,895
7692172,581
7692753,2494
7695247,10589
7732684,30
7732714,548
7733262,309
7733571,59
7733630,745
7734375,1607
7735982,1228
7737210,156
7737366,564
7737930,313
7738243,333
7765073,953
7766026,407
7766433,484
7766917,212
7767129,1005
7768134,56
7768190,331
7768521,823
7769344,395
7769739,2249
7771988,532
7772520,7378
7779898,1706
7781604,1269
7782873,3383
7786256,10448
7796704,526
7824216,5
7824221,870
7825091,223
7825314,586
7825900,2057
7827957,883
7828840,1667
7830507,1700
7832207,357
7832564,2565
7835129,707
7835836,7719
7843555,9680
7853235,26444
7879679,2250
7881929,1508
7883437,2122
7885559,235
7885794,333
7886127,7162
7893289,2698
7895987,525
7923561,585
7924146,491
7924637,50
7924687,1315
7926002,118
7926120,903
7927023,1285
7928308,836
7929144,1953
7931097,8161
7966529,119
7966648,495
7967143,483
7967626,708
7968334,596
7968930,57
7968987,2331
7971318,278
7971596,328
7971924,15
7971939,213
7972152,600
7972752,165
7972917,1286
7974203,9736
8010987,399
8011386,41
8011427,604
8012031,270
8012301,3232
8015533,452
8015985,710
8016695,1349
8018044,3866
8021910,1729
8023639,1811
8025450,1603
8027053,63
8055015,144
8055159,366
8055525,371
8055896,652
8056548,931
8057479,11
8057490,186
8057676,627
8058303,1499
8059802,585
8060387,106
8060493,3062
8063555,18695
8082250,295
8109381,1933
8111314,889
8112203,347
8112550,86
8112636,677
8113313,69
8113382,85
8113467,350
8113817,4841
8118658,1287
8119945,2985
8122930,2346
8125276,968
8126244,8827
8135071,4127
8139198,27544
8166742,1278
8168020,64
8168084,1021
8169105,2905
8172010,752
8172762,1075
8173837,750
8174587,605
8175192,392
8175584,7368
8182952,4004
8186956,26
8186982,14802
8201784,27630
8229414,342
8229756,1281
8231037,665
8231702,5
8231707,1189
8232896,139
8233035,637
8233672,118
8233790,3705
8237495,2670
8240165,4671
8244836,27288
8272124,45
8272169,3725
8275894,1145
8277039,1455
8278494,77
8278571,1778
8280349,926
8281275,1264
8310436,42
8310478,421
8310899,778
8311677,885
8312562,786
8313348,863
8314211,49
8314260,1276
8315536,764
8316300,1688
8317988,2240
8320228,2622
8322850,2503
8325353,5576
8330929,1480
8332409,2503
8362910,567
8363477,1161
8364638,168
8364806,122
8364928,1322
8366250,1017
8367267,50
8367317,1785
8369102,1973
8371075,1781
8372856,4082
8376938,2881
8379819,1872
8410802,735
8411537,198
8411735,191
8411926,452
8412378,876
8413254,365
8413619,1205
8414824,6
8414830,2888
8417718,2485
8420203,268
8420471,5221
8425692,1237
8426929,2418
8429347,27707
8457054,262
8457316,1707
8459023,399
8459422,1831
8461253,1350
8462603,533
8463136,802
8463938,1048
8464986,1482
8466468,8615
8475083,6408
8509992,421
8510413,642
8511055,551
8511606,303
8511909,426
8512335,2249
8514584,137
8514721,454
8515175,271
8515446,5205
8520651,5668
8526319,4157
8530476,734
8531210,6321
8537531,4434
8541965,29174
8571139,739
8571878,30
8571908,493
8572401,762
8573163,604
8573767,642
8574409,1665
8576074,171
8576245,461
8576706,2163
8578869,2669
8581538,3116
8584654,12023
8596677,2254
8598931,1781
8630164,1274
8631438,300
8631738,451
8632189,941
8633130,59
8633189,552
8633741,590
8634331,2228
8636559,1747
8638306,254
8638560,3040
8641600,2598
8644198,12596
8656794,4533
8661327,29013
8690340,927
8691267,128
8691395,2494
8693889,283
8694172,1141
8695313,564
8695877,1722
8697599,631
8698230,2407
8700637,309
8700946,1519
8702465,13168
8715633,28612
8744245,852
8745097,734
8745831,1984
8747815,903
8748718,2779
8751497,1875
8753372,3519
8756891,2603
8759494,2893
8762387,7196
8769583,7170
8776753,1816
8778569,28168
8806737,1076
8807813,164
8807977,1608
8809585,945
8810530,1238
8811768,1800
8813568,3130
8816698,2529
8819227,4298
8823525,1429
8824954,12017
8836971,4065
8870730,137
8870867,732
8871599,156
8871755,579
8872334,392
8872726,969
8873695,534
8874229,5701
8879930,1269
8881199,1365
8882564,7124
8889688,6208
8895896,3976
8930262,380
8930642,414
8931056,396
8931452,536
8931988,1116
8933104,1230
8934334,254
8934588,75
8934663,470
8935133,2719
8937852,335
8938187,2095
8940282,4107
8944389,8438
8952827,28439
8981266,7
8981273,3011
8984284,336
8984620,2852
8987472,37
8987509,1028
8988537,1051
8989588,891
8990479,2255
8992734,3332
8996066,3767
8999833,9318
9009151,28633
9037784,997
9038781,1204
9039985,3489
9043474,2089
9045563,2289
9047852,4134
9051986,9170
9061156,4436
9065592,1070
9066662,3154
9069816,28446
9098262,1171
9099433,195
9099628,3298
9102926,1314
9104240,2018
9106258,5574
9111832,7786
9119618,4034
9123652,28186
9151838,1478
9153316,1185
9154501,948
9155449,799
9156248,1175
9157423,192
9157615,270
9157885,335
9158220,8188
9166408,7210
9173618,6232
9179850,28433
9208283,2219
9210502,938
9211440,589
9212029,906
9212935,1818
9214753,650
9215403,585
9215988,632
9216620,284
9216904,2183
9219087,1479
9220566,4810
9225376,11375
9236751,30163
9266914,414
9267328,309
9267637,126
9267763,3070
9270833,56
9270889,87
9270976,451
9271427,2540
9273967,3244
9277211,5087
9282298,4662
9286960,4587
9291547,8175
9329226,235
9329461,1167
9330628,24
9330652,938
9331590,2641
9334231,442
9334673,681
9335354,5254
9340608,3537
9344145,30369
9374514,1239
9375753,230
9375983,247
9376230,181
9376411,293
9376704,5403
9382107,54
9382161,540
9382701,1651
9384352,4282
9388634,16684
9435265,1392
9436657,617
9437274,789
9438063,256
9438319,111
9438430,536
9438966,645
9439611,2067
9441678,820
9442498,966
9443464,2647
9446111,277
9477505,176
9477681,59
9477740,2383
9480123,93
9480216,262
9480478,3983
9484461,1321
9485782,804
9486586,4674
9491260,2564
9493824,12311
9536167,838
9537005,229
9537234,131
9537365,2482
9539847,455
9540302,637
9540939,8108
9549047,5422
9554469,144
9586237,52
9586289,5
9586294,1256
9587550,1599
9589149,498
9589647,1469
9591116,618
9591734,1471
9593205,59
9593264,3304
9596568,948
9597516,6946
9604462,4869
9640515,199
9640714,600
9641314,828
9642142,1541
9643683,285
9643968,187
9644155,100
9644255,2847
9647102,12101
9659203,2638
9661841,31282
9693123,357
9693480,526
9694006,1182
9695188,1125
9696313,5758
9702071,6295
9708366,404
9708770,11529
9720299,941
9752691,496
9753187,156
9753343,1825
9755168,369
9755537,457
9755994,404
9756398,1397
9757795,1707
9759502,721
9760223,2805
9763028,8214
9771242,810
9772052,3261
9806771,590
9807361,1310
9808671,77
9808748,1334
9810082,87
9810169,242
9810411,702
9811113,116
9811229,1152
9812381,2923
9815304,4692
9819996,19106
9870447,73
9870520,1678
9872198,678
9872876,637
9873513,706
9874219,817
9875036,742
9875778,3
9875781,194
9875975,2585
9878560,200
9878760,2650
9881410,4382
9885792,31873
9917665,694
9918359,674
9919033,941
9919974,216
9920190,652
9920842,139
9920981,8785
9929766,135
9929901,6886
9936787,30475
9967262,1199
9968461,3214
9971675,553
9972228,3308
9975536,730
9976266,1757
9978023,2741
9980764,455
9981219,1053
9982272,2698
9984970,3804
9988774,4447
9993221,6779
-5,4
-5,4
-5,4
-5,4
-5,4
-5,4
-5,4
-5,4
-5,4
-5,4
-5,4
-5,4
-5,4
-5,4
-5,4
-5,4
-5,4
-5,4
-5,4
-5,4
-5,4
-5,4
-5,4
-5,4
-5,4
-5,4
-5,4
-5,4
-5,4
-5,4
-5,4
-5,4
-5,4
-5,4
-5,4
-5,4
-5,4
-5,4
-5,4
-5,4
-5,4
-5,4
-5,4
-5,4
-5,4
-5,4
-5,4
-5,4
-5,4
-5,4
-5,4
-5,4
-5,4
-5,4
-5,4
-5,4
-5,4
-5,4
-5,4
-5,4
-5,4
-5,4
-5,4
-5,4
-5,4
-5,4
-5,4
-5,4
-5,4
-5,4
-5,4
-5,4
-5,4
-5,4
-5,4
-5,4
-5,4
-5,4
-5,4
-5,4
-5,4
-5,4
-5,4
-5,4
-5,4
-5,4
-5,4
-5,4
-5,4
-5,4
-5,4
-5,4
-5,4
-5,4
-5,4
-5,4
-5,4
-5,4
-5,4
-5,4
-5,4
-5,4
-5,4
-5,4
-5,4
-5,4
-5,4
-5,4
-5,4
-5,4
-5,4
-5,4
-5,4
-5,4
-5,4
-5,4
-5,4
-5,4
-5,4
-5,4
-5,4
-5,4
-5,4
-5,4
-5,4
-5,4
-5,4
-5,4
-5,4
-5,4
-5,4
-5,4
-5,4
-5,4
-5,4
-5,4
-5,4
-5,4
-5,4
-5,4
-5,4
-5,4
-5,4
-5,4
-5,4
-5,4
-5,4
-5,4
-5,4
-5,4
-5,4
-5,4
-5,4
-5,4
-5,4
-5,4
-5,4
-5,4
-5,4
-5,4
-5,4
-5,4
-5,4
-5,4
-5,4
-5,4
-5,4
-5,4
-5,4
-5,4
-5,4
-5,4
-5,4
-5,4
-5,4
-5,4
-5,4
-5,4
-5,4
-5,4
-5,4
-5,4
-5,4
-5,4
-5,4
-5,4
-5,4
-5,4
-5,4
-5,4
-5,4
-5,4
-5,4
-5,4
-5,4
-5,4
-5,4
-5,4
-5,4
-5,4
-5,4
-5,4
-5,4
-5,4
-5,4
-5,4
-5,4
-5,4
-5,4
-5,4
-5,4
-5,4
-5,4
-5,4
-5,4
-5,4
-5,4
-5,4
-5,4
-5,4
-5,4
-5,4
-5,4
-5,4
-5,4
-5,4
-5,4
-5,4
-5,4
-5,4
-5,4
-5,4
-5,4
-5,4
-5,4
-5,4
-5,4
-5,4
-5,4
-5,4
-5,4
-5,4
-5,4
-5,4
-5,4
-5,4
-5,4
-5,4
-5,4
-5,4
-5,4
-5,4
-5,4
-5,4
-5,4
-5,4
-5,4
-5,4
-5,4
-5,4
-5,4
-5,4
-5,4
-5,4
-5,4
-5,4
-5,4
-5,4
-5,4
-5,4
-5,4
-5,4
-5,4
-5,4
-5,4
-5,4
-5,4
-5,4
-5,4
-5,4
-5,4
-5,4
-5,4
-5,4
-5,4
-5,4
-5,4
-5,4
-5,4
-5,4
-5,4
-5,4
-5,4
-5,4
-5,4
-5,4
-5,4
-5,4
-5,4
-5,4
-5,4
-5,4
-5,4
-5,4
-5,4
-5,4
-5,4
-5,4
-5,4
-5,4
-5,4
-5,4
-5,4
-5,4
-5,4
-5,4
-5,4
-5,4
-5,4
-5,4
-5,4
-5,4
-5,4
-5,4
-5,4
-5,4
-5,4
-5,4
-5,4
-5,4
-5,4
-5,4
-5,4
-5,4
-5,4
-5,4
-5,4
-5,4
-5,4
-5,4
-5,4
-5,4
-5,4
-5,4
-5,4
-5,4
-5,4
-5,4
-5,4
-5,4
-5,4
-5,4
-5,4
-5,4
-5,4
-5,4
-5,4
-5,4
-5,4
-5,4
-5,4
-5,4
-5,4
-5,4
-5,4
-5,4
-5,4
-5,4
-5,4
-5,4
-5,4
-5,4
-5,4
-5,4
-5,4
-5,4
-5,4
-5,4
-5,4
-5,4
-5,4
-5,4
-5,4
-5,4
-5,4
-5,4
-5,4
-5,4
-5,4
-5,4
-5,4
-5,4
-5,4
-5,4
-5,4
-5,4
-5,4
-5,4
-5,4
-5,4
-5,4
-5,4
-5,4
-5,4
-5,4
-5,4
-5,4
-5,4
-5,4
-5,4
-5,4
-5,4
-5,4
-5,4
-5,4
-5,4
-5,4
-5,4
-5,4
-5,4
-5,4
-5,4
-5,4
-5,4
-5,4
-5,4
-5,4
-5,4
-5,4
-5,4
-5,4
-5,4
-5,4
-5,4
-5,4
-5,4
-5,4
-5,4
-5,4
-5,4
-5,4
-5,4
-5,4
-5,4
-5,4
-5,4
-5,4
-5,4
-5,4
-5,4
-5,4
-5,4
-5,4
-5,4
-5,4
-5,4
-5,4
-5,4
-5,4
-5,4
-5,4
-5,4
-5,4
-5,4
-5,4
-5,4
-5,4
-5,4
-5,4
-5,4
-5,4
-5,4
-5,4
-5,4
-5,4
-5,4
-5,4
-5,4
-5,4
-5,4
-5,4
-5,4
-5,4
-5,4
-5,4
-5,4
-5,4
-5,4
-5,4
-5,4
-5,4
-5,4
-5,4
-5,4
-5,4
-5,4
-5,4
-5,4
-5,4
-5,4
-5,4
-5,4
-5,4
-5,4
-5,4
-5,4
-5,4
-5,4
-5,4
-5,4
-5,4
-5,4
-5,4
-5,4
-5,4
-5,4
-5,4
-5,4
-5,4
-5,4
-5,4
-5,4
-5,4
-5,4
-5,4
-5,4
-5,4
-5,4
-5,4
-5,4
-5,4
-5,4
-5,4
-5,4
-5,4
-5,4
-5,4
-5,4
-5,4
-5,4
-5,4
-5,4
-5,4
-5,4
-5,4
-5,4
-5,4
-5,4
-5,4
-5,4
-5,4
-5,4
-5,4
-5,4
-5,4
-5,4
-5,4
-5,4
-5,4
-5,4
-5,4
-5,4
-5,4
-5,4
-5,4
-5,4
-5,4
-5,4
-5,4
-5,4
-5,4
-5,4
-5,4
-5,4
-5,4
-5,4
-5,4
-5,4
-5,4
-5,4
-5,4
-5,4
-5,4
-5,4
-5,4
-5,4
-5,4
-5,4
-5,4
-5,4
-5,4
-5,4
-5,4
-5,4
-5,4
-5,4
-5,4
-5,4
-5,4
-5,4
-5,4
-5,4
-5,4
-5,4
-5,4
-5,4
-5,4
-5,4
-5,4
-5,4
-5,4
-5,4
-5,4
-5,4
-5,4
-5,4
-5,4
-5,4
-5,4
-5,4
-5,4
-5,4
-5,4
-5,4
-5,4
-5,4
-5,4
-5,4
-5,4
-5,4
-5,4
-5,4
-5,4
-5,4
-5,4
-5,4
-5,4
-5,4
-5,4
-5,4
-5,4
-5,4
-5,4
-5,4
-5,4
-5,4
-5,4
-5,4
-5,4
-5,4
-5,4
-5,4
-5,4
-5,4
-5,4
-5,4
-5,4
-5,4
-5,4
-5,4
-5,4
-5,4
-5,4
-5,4
-5,4
-5,4
-5,4
-5,4
-5,4
-5,4
-5,4
-5,4
-5,4
-5,4
-5,4
-5,4
-5,4
-5,4
-5,4
-5,4
-5,4
-5,4
-5,4
-5,4
-5,4
-5,4
-5,4
-5,4
-5,4
-5,4
-5,4
-5,4
-5,4
-5,4
-5,4
-5,4
-5,4
-5,4
-5,4
-5,4
-5,4
-5,4
-5,4
-5,4
-5,4
-5,4
-5,4
-5,4
-5,4
-5,4
-5,4
-5,4
-5,4
-5,4
-5,4
-5,4
-5,4
-5,4
-5,4
-5,4
-5,4
-5,4
-5,4
-5,4
-5,4
-5,4
-5,4
-5,4
-5,4
-5,4
-5,4
-5,4
-5,4
-5,4
-5,4
-5,4
-5,4
-5,4
-5,4
-5,4
-5,4
-5,4
-5,4
-5,4
-5,4
-5,4
-5,4
-5,4
-5,4
-5,4
-5,4
-5,4
-5,4
-5,4
-5,4
-5,4
-5,4
-5,4
-5,4
-5,4
-5,4
-5,4
-5,4
-5,4
-5,4
-5,4
-5,4
-5,4
-5,4
-5,4
-5,4
-5,4
-5,4
-5,4
-5,4
-5,4
-5,4
-5,4
-5,4
-5,4
-5,4
-5,4
-5,4
-5,4
-5,4
-5,4
-5,4
-5,4
-5,4
-5,4
-5,4
-5,4
-5,4
-5,4
-5,4
-5,4
-5,4
-5,4
-5,4
-5,4
-5,4
-5,4
-5,4
-5,4
-5,4
-5,4
-5,4
-5,4
-5,4
-5,4
-5,4
-5,4
-5,4
-5,4
-5,4
-5,4
-5,4
-5,4
-5,4
-5,4
-5,4
-5,4
-5,4
-5,4
-5,4
-5,4
-5,4
-5,4
-5,4
-5,4
-5,4
-5,4
-5,4
-5,4
-5,4
-5,4
-5,4
-5,4
-5,4
-5,4
-5,4
-5,4
-5,4
-5,4
-5,4
-5,4
-5,4
-5,4
-5,4
-5,4
-5,4
-5,4
-5,4
-5,4
-5,4
-5,4
-5,4
-5,4
-5,4
-5,4
-5,4
-5,4
-5,4
-5,4
-5,4
-5,4
-5,4
-5,4
-5,4
-5,4
-5,4
-5,4
-5,4
-5,4
-5,4
-5,4
-5,4
-5,4
-5,4
-5,4
-5,4
-5,4
-5,4
-5,4
-5,4
-5,4
-5,4
-5,4
-5,4
-5,4
-5,4
-5,4
-5,4
-5,4
-5,4
-5,4
-5,4
-5,4
-5,4
-5,4
-5,4
-5,4
-5,4
-5,4
-5,4
-5,4
-5,4
-5,4
-5,4
-5,4
-5,4
-5,4
-5,4
-5,4
-5,4
-5,4
-5,4
-5,4
-5,4
-5,4
-5,4
-5,4
-5,4
-5,4
-5,4
-5,4
-5,4
-5,4
-5,4
-5,4
-5,4
-5,4
-5,4
-5,4
-5,4
-5,4
-5,4
-5,4
-5,4
-5,4
-5,4
-5,4
-5,4
-5,4
-5,4
-5,4
-5,4
-5,4
-5,4
-5,4
-5,4
-5,4
-5,4
-5,4
-5,4
-5,4
-5,4
-5,4
-5,4
-5,4
-5,4
-5,4
-5,4
-5,4
-5,4
-5,4
-5,4
-5,4
-5,4
-5,4
-5,4
-5,4
-5,4
-5,4
-5,4
-5,4
-5,4
-5,4
-5,4
-5,4
-5,4
-5,4
-5,4
-5,4
-5,4
-5,4
-5,4
-5,4
-5,4
-5,4
-5,4
-5,4
-5,4
-5,4
-5,4
-5,4
-5,4
-5,4
-5,4
-5,4
-5,4
-5,4
-5,4
-5,4
-5,4
-5,4
-5,4
-5,4
-5,4
-5,4
-5,4
-5,4
-5,4
-5,4
-5,4
-5,4
-5,4
-5,4
-5,4
-5,4
-5,4
-5,4
-5,4
-5,4
-5,4
-5,4
-5,4
-5,4
-5,4
-5,4
-5,4
-5,4
-5,4
-5,4
-5,4
-5,4
-5,4
-5,4
-5,4
-5,4
-5,4
-5,4
-5,4
-5,4
-5,4
-5,4
-5,4
-5,4
-5,4
-5,4
-5,4
-5,4
-5,4
-5,4
-5,4
-5,4
-5,4
-5,4
-5,4
-5,4
-5,4
-5,4
-5,4
-5,4
-5,4
-5,4
-5,4
-5,4
-5,4
-5,4
-5,4
-5,4
-5,4
-5,4
-5,4
-5,4
-5,4
-5,4
-5,4
-5,4
-5,4
-5,4
-5,4
-5,4
-5,4
-5,4
-5,4
-5,4
-5,4
-5,4
-5,4
-5,4
-5,4
-5,4
-5,4
-5,4
-5,4
-5,4
-5,4
-5,4
-5,4
-5,4
-5,4
-5,4
-5,4
-5,4
-5,4
-5,4
-5,4
-5,4
-5,4
-5,4
-5,4
-5,4
-5,4
-5,4
-5,4
-5,4
-5,4
-5,4
-5,4
-5,4
-5,4
-5,4
-5,4
-5,4
-5,4
-5,4
-5,4
-5,4
-5,4
-5,4
-5,4
-5,4
-5,4
-5,4
-5,4
-5,4
-5,4
-5,4
-5,4
-5,4
-5,4
-5,4
-5,4
-5,4
-5,4
-5,4
-5,4
-5,4
-5,4
-5,4
-5,4
-5,4
-5,4
-5,4
-5,4
-5,4
-5,4
-5,4
-5,4
-5,4
-5,4
-5,4
-5,4
-5,4
-5,4
-5,4
-5,4
-5,4
-5,4
-5,4
-5,4
-5,4
-5,4
-5,4
-5,4
-5,4
-5,4
-5,4
-5,4
-5,4
-5,4
-5,4
-5,4
-5,4
-5,4
-5,4
-5,4
-5,4
-5,4
-5,4
-5,4
-5,4
-5,4
-5,4
-5,4
-5,4
-5,4
-5,4
-5,4
-5,4
-5,4
-5,4
-5,4
-5,4
-5,4
-5,4
-5,4
-5,4
-5,4
-5,4
-5,4
-5,4
-5,4
-5,4
-5,4
-5,4
-5,4
-5,4
-5,4
-5,4
-5,4
-5,4
-5,4
-5,4
-5,4
-5,4
-5,4
-5,4
-5,4
-5,4
-5,4
-5,4
-5,4
-5,4
-5,4
-5,4
-5,4
-5,4
-5,4
-5,4
-5,4
-5,4
-5,4
-5,4
-5,4
-5,4
-5,4
-5,4
-5,4
-5,4
-5,4
-5,4
-5,4
-5,4
-5,4
-5,4
-5,4
-5,4
-5,4
-5,4
-5,4
-5,4
-5,4
-5,4
-5,4
-5,4
-5,4
-5,4
-5,4
-5,4
-5,4
-5,4
-5,4
-5,4
-5,4
-5,4
-5,4
-5,4
-5,4
-5,4
-5,4
-5,4
-5,4
-5,4
-5,4
-5,4
-5,4
-5,4
-5,4
-5,4
-5,4
-5,4
-5,4
-5,4
-5,4
-5,4
-5,4
-5,4
-5,4
-5,4
-5,4
-5,4
-5,4
-5,4
-5,4
-5,4
-5,4
-5,4
-5,4
-5,4
-5,4
-5,4
-5,4
-5,4
-5,4
-5,4
-5,4
-5,4
-5,4
-5,4
-5,4
-5,4
-5,4
-5,4
-5,4
-5,4
-5,4
-5,4
-5,4
-5,4
-5,4
-5,4
-5,4
-5,4
-5,4
-5,4
-5,4
-5,4
-5,4
-5,4
-5,4
-5,4
-5,4
-5,4
-5,4
-5,4
-5,4
-5,4
-5,4
-5,4
-5,4
-5,4
-5,4
-5,4
-5,4
-5,4
-5,4
-5,4
-5,4
-5,4
-5,4
-5,4
-5,4
-5,4
-5,4
-5,4
-5,4
-5,4
-5,4
-5,4
-5,4
-5,4
-5,4
-5,4
-5,4
-5,4
-5,4
-5,4
-5,4
-5,4
-5,4
-5,4
-5,4
-5,4
-5,4
-5,4
-5,4
-5,4
-5,4
-5,4
-5,4
-5,4
-5,4
-5,4
-5,4
-5,4
-5,4
-5,4
-5,4
-5,4
-5,4
-5,4
-5,4
-5,4
-5,4
-5,4
-5,4
-5,4
-5,4
-5,4
-5,4
-5,4
-5,4
-5,4
-5,4
-5,4
-5,4
-5,4
-5,4
-5,4
-5,4
-5,4
-5,4
-5,4
-5,4
-5,4
-5,4
-5,4
-5,4
-5,4
-5,4
-5,4
-5,4
-5,4
-5,4
-5,4
-5,4
-5,4
-5,4
-5,4
-5,4
-5,4
