10000000
0,27056
27056,358
27414,863
28277,887
29164,459
29623,81
29704,3063
32767,1692
34459,5391
39850,13
39863,38
39901,27
39928,34
39962,1463
41425,201
41626,1490
43116,15155
58271,175
58446,3
58449,475
58924,82
59006,725
59731,302
60033,2
60035,1331
61366,3899
94395,217
94612,8
94620,460
95080,219
95299,3
95302,283
95585,4562
100147,452
100599,879
101478,300
101778,33
101811,527
102338,1225
103563,2868
106431,34675
141106,128
141234,845
142079,3409
145488,1167
146655,2564
149219,822
150041,3925
153966,1229
155195,2
155197,37
155234,5275
160509,50
160559,139
160698,165
192581,313
192894,841
193735,152
193887,2107
195994,214
196208,248
196456,747
197203,551
197754,363
198117,1488
199605,8
199613,135
199748,681
200429,5664
206093,4
206097,309
206406,4
206410,1619
236249,411
236660,250
236910,1540
238450,634
239084,621
239705,1
239706,80
239786,4315
244101,1401
245502,8800
254302,56
254358,3
254361,150
254511,8
254519,280
254799,291
255090,1852
256942,3013
259955,11
259966,8
292040,656
292696,580
293276,2624
295900,16
295916,528
296444,76
296520,630
297150,382
297532,2352
299884,455
300339,7374
307713,53
307766,3495
311261,77
311338,1708
313046,19650
332696,950
333646,99
333745,304
334049,544
334593,467
335060,56
335116,1336
336452,305
336757,2208
338965,2083
341048,3618
358590,60
358650,11
358661,326
358987,10
358997,109
359106,18
359124,47
359171,2628
361799,9607
371406,120
371526,63
371589,19
371608,30
371638,392
372030,109
372139,133
372272,1
372273,1486
373759,957
374716,80
374796,33006
407802,914
408716,88
408804,324
409128,433
409561,395
409956,1370
411326,834
412160,245
412405,613
419267,60
419327,105
419432,72
419504,68
419572,161
426531,35
426566,4
426570,40
426610,36
426646,31
426677,754
439678,117
439795,17
439812,11
439823,510
440333,520
440853,4
440857,2025
442882,1
442883,378
464019,521
464540,64
464604,1065
465669,598
466267,876
467143,168
467311,18
467329,2852
470181,867
471048,3376
474424,527
474951,270
475221,31
475252,5139
480391,6
480397,101
480498,16799
497297,23
497320,56
497376,1257
498633,217
498850,156
499006,20
499026,501
499527,8
499535,224
499759,5730
505489,8
505497,95
505592,5747
511339,9
511348,228
511576,10506
522082,20
522102,41
522143,476
522619,47
522666,103
522769,1
522770,3954
526724,10
526734,3691
530425,6
530431,1014
545215,90
545305,128
545433,228
545661,83
545744,35
545779,2651
548430,15
548445,1076
549521,1511
551032,21568
572600,65
572665,1683
574348,150
574498,119
574617,259
574876,86
574962,226
575188,1420
576608,741
577349,196
577545,169
577714,10398
588112,49
588161,249
588410,533
588943,130
589073,38
589111,5157
594268,2
594270,29
594299,157
594456,40
599705,36
599741,245
599986,2841
615681,1
615682,145
615827,272
616099,640
616739,115
616854,1520
618374,2332
620706,12
620718,2118
622836,10167
633003,358
633361,11
633372,382
633754,729
634483,2156
636639,9585
646224,68
646292,138
646430,105
646535,135
646670,1292
647962,221
648183,31154
679337,251
679588,211
679799,589
680388,11
680399,2762
683161,154
683315,291
683606,1594
685200,4497
689697,1702
691399,696
692095,1346
695254,21952
717206,1116
718322,17
718339,74
718413,359
718772,961
719733,97
719830,1925
721755,428
722183,9324
731507,71
731578,33
731611,351
731962,701
732663,22598
755261,383
755644,634
756278,79
756357,603
756960,1669
758629,488
759117,438
759555,152
759707,939
760646,7501
768147,21
768168,474
768642,326
768968,392
769360,15740
785100,577
785677,147
785824,523
786347,51
786398,633
787031,86
787117,191
787308,1250
788558,4595
793153,6047
799200,43
799243,44
799287,26
799313,63
799376,233
799609,61
799670,105
799775,344
800119,19478
819597,428
820025,287
820312,1063
821375,119
821494,355
821849,68
821917,1370
823287,5
823292,918
824210,4040
828250,3503
831753,829
832582,19493
852075,71
852146,683
852829,582
853411,136
853547,699
854246,857
855103,495
855598,2
855600,163
855763,1119
856882,1825
858707,140
858847,765
859612,2727
862339,5635
867974,16
867990,8
878388,7
878395,125
878520,99
878619,229
878848,139
878987,67
879054,704
879758,4389
884147,1
884148,35
884183,81
911522,753
912330,660
912990,42
913032,369
913401,774
914175,20
914195,795
914990,967
915957,2126
918083,379
918462,3556
922018,16
922034,3
922037,61
922098,1226
923324,901
924225,1690
925915,7395
933310,67
933377,16
933393,424
933817,71
949285,166
949451,83
949534,135
949669,448
950117,49
950166,154
950320,71
950391,148
950539,457
950996,2170
953166,1
953167,12271
965438,13
965451,32
965483,336
965819,862
966681,4
966685,392
967077,1363
968440,275
968715,9783
978498,214
978712,3
978715,31
978746,402
979148,8
979156,1493
980649,7
980656,62
980718,595
981313,9399
990712,57
990769,93
990862,908
991770,379
1017769,1039
1018808,2195
1021003,4
1021007,139
1021146,255
1021401,397
1021798,771
1022569,1632
1024201,1452
1025653,99
1025752,4844
1030596,5
1030601,26
1030627,9
1030636,17657
1048293,349
1048642,1940
1050582,170
1050752,343
1051095,107
1051202,1871
1053073,434
1053507,1297
1054804,9568
1064372,105
1064477,11
1064488,123
1064611,8
1064619,98
1064717,17611
1082328,379
1082707,1916
1084623,5
1084628,255
1084883,2227
1087110,2
1087112,29
1087141,330
1087471,1312
1088783,3
1088786,2770
1091556,2540
1094096,671
1094767,3
1094770,104
1094874,8130
1103004,36
1103040,164
1103204,31
1103235,144
1103379,7
1103386,189
1103575,158
1103733,9756
1113489,93
1113582,27
1113609,256
1113865,4323
1118188,66
1142645,91
1142736,712
1143448,581
1144029,377
1144406,745
1145151,773
1145924,77
1146001,419
1146420,2046
1148466,7
1148473,532
1149005,184
1149189,859
1150048,13
1150061,957
1151018,2143
1153161,19715
1172876,268
1173144,1036
1174180,363
1174543,546
1175089,850
1175939,14
1175953,1263
1177216,902
1178118,1193
1179311,696
1180007,1623
1181630,753
1182383,3384
1185767,2
1207670,7
1207677,1199
1208876,1172
1210048,1587
1211635,331
1211966,539
1212505,753
1213258,1362
1214620,640
1215260,4182
1219442,10
1219452,4076
1223528,679
1230711,34
1230745,150
1250653,24
1250677,1023
1251700,1004
1252704,37
1252741,537
1253278,879
1254157,240
1254397,249
1254646,149
1254795,128
1254923,370
1255293,172
1255465,4058
1259523,6
1259529,2772
1262301,30
1262331,1
1278392,82
1278474,201
1278675,73
1278748,563
1279311,107
1279418,338
1279756,271
1280027,231
1280258,260
1280518,4042
1284560,112
1284672,14459
1299131,17
1299148,386
1299534,78
1299612,365
1299977,169
1300146,435
1300581,4516
1305097,12
1305109,56
1305165,4503
1309668,11
1309679,590
1310269,1
1310270,4651
1314921,9
1314930,5549
1320479,1
1320480,1304
1321784,15150
1336934,199
1337133,318
1337451,41
1337492,948
1338440,293
1338733,28
1338761,486
1339247,2529
1341776,3914
1345690,9
1345699,674
1363055,70
1363125,1171
1364296,537
1364833,29
1364862,28
1364890,230
1365120,137
1365257,1968
1367225,3395
1370620,6
1370626,5
1370631,2991
1373622,77
1373699,12117
1385816,131
1385947,15
1385962,119
1386081,1123
1387204,2456
1389660,638
1390298,729
1391027,4817
1395844,11
1395855,77
1395932,11265
1407197,230
1407427,9
1407436,18
1407454,3516
1410970,860
1411830,614
1412444,615
1413059,2
1413061,5772
1418833,1
1418834,113
1418947,147
1419094,43
1419137,19170
1438307,158
1438465,25
1438490,211
1438701,20
1438721,325
1439046,177
1439223,841
1440064,78
1440142,1426
1441568,1495
1443063,2002
1445065,5
1445070,4912
1449982,422
1450404,1
1450405,9436
1459841,5
1459846,10
1459856,1553
1496282,962
1497244,279
1497523,1186
1498709,750
1499459,404
1499863,361
1500224,107
1500331,3246
1503577,8
1503585,5350
1508935,2
1508937,28
1508965,136
1509101,170
1509271,667
1509938,4
1509942,10246
1520188,28
1520216,675
1520891,1
1520892,223
1521115,34
1521149,66
1521215,2913
1524128,15
1524143,7436
1531579,48
1531627,1
1531628,56
1531684,109
1531793,14293
1546086,13
1546099,224
1546323,11
1546334,74
1546408,16
1546424,573
1546997,577
1547574,653
1548227,1841
1550068,3
1550071,2
1550073,1558
1551631,2
1551633,1335
1552968,283
1562462,98
1562560,64
1562624,14
1562638,36
1562674,10
1562684,674
1563358,145
1563503,9
1579408,538
1579946,1980
1581926,86
1582012,401
1582413,613
1583026,4725
1587751,5
1587756,1834
1589590,6554
1596144,7
1596151,183
1596334,127
1596461,18
1596479,2619
1599098,3857
1602955,49
1603004,14792
1617796,88
1617884,61
1617945,196
1618141,49
1618190,1023
1619213,4
1619217,20
1619237,39
1619276,61
1619337,485
1619822,2008
1621830,4
1621834,1089
1622923,4
1622927,12728
1635655,81
1635736,167
1635903,667
1636570,31
1636601,67
1636668,1
1636669,1824
1645195,9
1645204,9
1645213,52
1645265,7
1645272,7
1645279,50
1645329,319
1645648,270
1686924,1039
1687963,809
1688772,47
1688819,345
1689164,109
1689273,198
1689471,356
1689827,2099
1691926,224
1692150,398
1692548,184
1692732,171
1692903,341
1693244,1121
1694365,332
1694697,17162
1711859,37
1711896,1631
1713527,31
1713558,10
1713568,299
1713867,84
1713951,962
1714913,4947
1719860,36
1719896,24
1719920,37
1719957,3935
1723892,5
1723897,2
1723899,5725
1729624,78
1729702,50
1729752,773
1730525,4
1730529,1273
1731802,16506
1748308,62
1748370,71
1748441,91
1748532,253
1748785,1330
1750115,435
1750550,22
1750572,3713
1754285,5
1754290,13
1754303,1040
1755343,2630
1757973,186
1758159,1
1758160,26804
1784964,217
1785181,1921
1787102,1055
1788157,83
1788240,646
1788886,1407
1790293,2597
1792890,4
1792894,241
1793135,5452
1798587,21
1798608,50
1798658,219
1798877,3899
1830778,152
1830930,70
1831000,776
1831776,83
1831859,384
1832243,114
1832357,62
1832419,2081
1834500,7
1834507,241
1834748,104
1834852,2115
1836967,432
1837399,4799
1842198,14
1842212,11
1842223,2230
1844453,5
1844458,13027
1857485,8
1857493,258
1857751,108
1857859,46
1857905,266
1858171,128
1858299,86
1858385,644
1859029,734
1859763,2649
1862412,4265
1866677,43
1891281,1164
1892445,629
1893074,2564
1895638,217
1895855,169
1896024,1441
1897465,949
1898414,2496
1900910,339
1901249,488
1901737,1676
1903413,116
1903529,1348
1904877,6005
1910882,6
1910888,60
1910948,329
1911277,15574
1926851,164
1927015,86
1927101,123
1927224,33
1927257,243
1927500,316
1927816,288
1928104,535
1928639,48
1928687,7509
1936196,49
1936245,77
1936322,2908
1951587,3
1951590,34
1951624,29
1951653,6
1951659,49
1951708,165
1951873,348
1952221,3345
1955566,9
1955575,1275
1956850,2869
1959719,243
1959962,14559
1974521,388
1974909,257
1975166,208
1975374,8
1975382,172
1975554,261
1975815,181
1975996,728
1976724,4761
1981485,459
1981944,2191
1984135,36782
2020917,299
2021216,917
2022133,1276
2023409,888
2024297,1924
2026221,193
2026414,12
2026426,7
2026433,2134
2028567,3
2028570,4342
2032912,3378
2036290,2725
2039015,7974
2046989,104
2047093,199
2047292,1087
2048379,24482
2072861,556
2073417,97
2073514,450
2073964,106
2074070,111
2074181,13
2086642,89
2086731,373
2087104,290
2087394,472
2087866,4791
2092657,1157
2093814,834
2094648,5714
2100362,2
2100364,1244
2101608,3
2120667,313
2120980,1400
2122380,679
2123059,230
2123289,1033
2124322,598
2124920,732
2125652,120
2125772,4227
2129999,192
2130191,1727
2131918,335
2161394,504
2161898,133
2162031,193
2162224,6485
2168709,1106
2169815,126
2169941,140
2170081,1966
2172047,1652
2173699,12434
2186133,6
2186139,13
2186152,140
2186292,385
2186677,55
2186732,2392
2189124,1
2189125,1266
2190391,2110
2192501,17632
2210133,671
2210804,208
2211012,27
2211039,214
2211253,153
2211406,50
2211456,443
2211899,1030
2212929,3578
2216507,2
2216509,1071
2217580,3
2217583,1766
2219349,222
2219571,7511
2227082,21
2227103,22
2227125,82
2227207,185
2227392,1085
2228477,535
2229012,898
2240916,17
2240933,127
2241060,469
2241529,3
2241532,114
2241646,256
2241902,11
2241913,2017
2243930,12682
2256612,122
2256734,391
2257125,42
2257167,146
2257313,10
2257323,138
2257461,1752
2259213,185
2259398,3576
2262974,649
2263623,15114
2278737,415
2279152,139
2279291,448
2279739,143
2279882,632
2280514,694
2281208,101
2281309,334
2281643,412
2282055,463
2282518,11040
2293558,150
2293708,38
2293746,260
2294006,14
2294020,935
2294955,1452
2296407,688
2297095,851
2297946,20317
2318263,972
2319235,1326
2320561,176
2320737,777
2321514,1912
2323426,26
2323452,308
2323760,9792
2333552,128
2333680,52
2333732,4731
2338463,5
2338468,4106
2342574,7
2342581,25
2342606,651
2343257,4829
2348086,7
2364656,8
2364664,17
2366900,1
2366901,623
2367524,222
2367746,24
2367770,22
2367792,1522
2369314,719
2370033,5556
2375589,15
2375604,1157
2407064,64
2407128,54
2407182,2157
2409339,81
2409420,2234
2417899,33
2417932,27
2417959,184
2418143,7648
2425791,59
2425850,38
2425888,387
2426275,242
2426517,2318
2428835,9
2428844,2664
2431508,2
2431510,26
2437910,52
2437962,92
2438054,34
2438088,135
2438223,1400
2439623,17013
2456636,136
2456772,1678
2458450,139
2458589,369
2458958,916
2459874,154
2460028,1480
2461508,373
2461881,135
2462016,408
2462424,8497
2470921,82
2471003,291
2471294,1
2471295,24
2471319,35
2471354,4540
2475894,19
2475913,33
2475946,568
2476514,18538
2495052,359
2495411,711
2496122,294
2496416,579
2496995,137
2497132,691
2497823,174
2497997,1289
2499286,929
2500215,1593
2501808,3501
2505309,1342
2506651,8113
2514764,4
2514768,245
2515013,8
2515021,12600
2527621,10
2527631,89
2527720,12
2527732,262
2527994,650
2528644,74
2528718,8129
2536847,65
2536912,164
2537076,32
2537108,4
2537112,21
2537133,2856
2539989,1028
2541017,8
2541025,4317
2545342,31
2545373,13390
2558763,264
2559027,594
2559621,79
2559700,163
2559863,37
2559900,1839
2561739,1667
2563406,1757
2565163,57
2565220,1
2565221,17047
2582268,2083
2584351,153
2584504,128
2584632,8
2584640,159
2584799,1330
2586129,1739
2587868,1
2587869,4652
2592521,21
2592542,3493
2596035,2605
2598640,4
2605651,8
2605659,36
2605695,69
2605764,74
2605838,17370
2623208,30
2623238,335
2623573,2236
2625809,9
2625818,813
2626631,418
2627049,1354
2628403,250
2628653,271
2628924,529
2629453,701
2630154,462
2630616,171
2630787,3410
2634197,7960
2642157,130
2642287,1
2642288,10
2642298,9
2642307,25
2642332,2092
2644424,2
2646905,6
2646911,4
2646915,32927
2679842,3
2679845,508
2680353,1285
2681638,65
2681703,539
2682242,426
2682668,1613
2684281,137
2684418,970
2685388,4
2685392,233
2685625,182
2692152,114
2692266,238
2692504,38
2692542,363
2692905,4
2692909,17658
2710567,142
2710709,44
2710753,129
2710882,223
2711105,497
2711602,19
2711621,800
2712421,3284
2715705,4
2715709,726
2716435,362
2716797,223
2717020,2217
2719237,7
2719244,1478
2720722,18841
2739563,253
2739816,187
2740003,157
2740160,17
2740177,800
2740977,774
2741751,132
2741883,201
2742084,809
2742893,5
2742898,3729
2746627,14
2746641,584
2747225,352
2747577,34588
2782165,1761
2783926,308
2784234,1866
2786100,6
2786106,1933
2788039,599
2788638,1522
2790160,13
2790173,8652
2798825,178
2799003,11
2799014,36
2799050,49
2799099,1519
2800618,920
2801538,7818
2809356,177
2809533,4
2809537,234
2816576,43
2816619,75
2816694,57
2816751,30
2816781,139
2816920,4047
2844050,234
2844284,261
2844545,218
2844763,75
2844838,19
2844857,1055
2845912,35
2845947,333
2846280,42
2846322,6026
2852348,56
2852404,26
2852430,32
2852462,669
2853131,1326
2854457,3994
2858451,7
2890609,320
2890929,49
2890978,681
2891659,1671
2893330,435
2893765,821
2894586,2114
2896700,1505
2898205,164
2898369,1827
2920781,997
2921778,169
2921947,481
2922428,73
2922501,334
2922835,44
2922879,125
2923004,628
2923632,24
2923656,740
2924396,7389
2931785,27
2931812,56
2931868,3386
2935254,1
2935255,4
2935259,31
2935290,756
2958947,216
2959163,1661
2960824,192
2961016,795
2961811,148
2961959,390
2962349,3051
2965400,92
2965492,2154
2967646,438
2968084,447
2968531,1881
2970412,1
2970413,28
2970441,3225
2973666,135
2998139,22
2998161,130
2998291,99
2998390,356
2998746,3355
3002101,334
3002435,344
3002779,4958
3007737,61
3007798,61
3007859,9811
3017670,27
3017697,45
3017742,107
3017849,9
3017858,2952
3020810,17
3020827,1
3020828,30750
3051578,1071
3052649,562
3053211,265
3053476,1224
3054700,602
3055302,993
3056295,1710
3058005,12036
3070041,20
3070061,138
3070199,62
3070261,1121
3071382,1178
3072560,168
3083235,13
3083248,73
3083321,82
3083403,187
3083590,8
3083598,16
3083614,83
3083697,89
3083786,1735
3085521,1955
3087476,185
3087661,4742
3092403,7
3092410,209
3092619,27203
3119822,340
3120162,456
3120618,39
3120657,351
3121008,50
3121058,152
3121210,278
3121488,641
3122129,442
3122571,34
3122605,32
3122637,1781
3124418,4
3124422,7
3124429,1063
3125492,289
3125781,56
3125837,15871
3141708,25
3141733,350
3142083,859
3142942,152
3143094,634
3143728,65
3143793,233
3144026,458
3144484,3925
3148409,278
3148687,1714
3150401,3366
3153767,16
3153783,8899
3162682,123
3162805,171
3166749,23
3166772,31
3166803,325
3167128,3686
3170814,5
3170819,85
3170904,1001
3171905,518
3172423,34212
3206635,7
3206642,713
3207355,37
3207392,332
3207724,265
3207989,206
3208195,451
3208646,2172
3210818,489
3211307,271
3211578,414
3211992,224
3212216,2
3212218,2225
3214443,935
3227752,44
3227796,73
3227869,14
3227883,374
3228257,190
3228447,586
3229033,111
3229144,995
3230139,2
3230141,55
3230196,2171
3232367,948
3233315,1
3233316,8124
3241440,3
3241443,100
3241543,297
3241840,116
3241956,1127
3243083,9838
3252921,18
3252939,144
3253083,24
3253107,138
3253245,577
3253822,8709
3262531,47
3262578,197
3262775,100
3262875,478
3263353,1172
3277992,470
3278462,129
3278591,42
3278633,46
3278679,105
3278784,6
3278790,12
3278802,1808
3280610,3305
3283915,534
3284449,11264
3295713,266
3295979,42
3296021,29
3296050,429
3296479,842
3297321,30786
3328107,379
3328486,990
3329476,3637
3333113,19
3333132,180
3333312,898
3334210,12
3334222,815
3335037,10954
3345991,40
3346031,38
3346069,284
3346353,29
3346382,324
3346706,101
3346807,3700
3350507,8
3350515,22
3350537,5105
3355642,247
3355889,15
3377659,139
3377798,404
3378202,153
3378355,396
3378751,137
3378888,482
3379370,727
3380097,189
3380286,221
3380507,1892
3382399,726
3383125,255
3383380,1956
3385336,6
3422807,392
3423199,1295
3424494,1411
3425905,408
3426313,1590
3427903,26
3427929,2868
3430797,2266
3433063,5005
3438068,20
3438088,897
3438985,375
3439360,1076
3463305,1415
3464720,613
3465333,58
3465391,53
3465444,62
3465506,697
3466203,40
3466243,2122
3468365,2656
3471021,2119
3473140,171
3473311,2
3473313,438
3473751,4033
3477784,4
3477788,4783
3482571,6188
3488759,7
3488766,42
3488808,340
3489148,52
3489200,499
3489699,1
3508677,6
3508683,85
3508768,1057
3509825,121
3509946,31
3509977,40
3510017,637
3510654,1016
3511670,32
3511702,329
3512031,360
3512391,3083
3515474,3829
3519303,818
3520121,9172
3529293,49
3529342,11
3534559,20
3534579,15
3534594,59
3534653,178
3534831,339
3535170,1851
3550554,150
3550704,93
3550797,225
3551022,50
3551072,70
3551142,264
3551406,9163
3560569,132
3560701,23
3560724,30
3569109,40
3569149,10
3569159,7
3569166,46
3569212,25
3569237,10380
3579617,172
3579789,173
3579962,13
3579975,397
3580372,247
3580619,377
3606617,98
3606715,304
3607019,5
3607024,780
3607804,1050
3608854,39
3608893,9
3608902,3148
3612050,14
3618745,28
3618773,4
3618777,11
3618788,55
3618843,1751
3620594,323
3632870,49
3632919,3
3632922,118
3633040,28
3633068,419
3633487,661
3634148,10
3634158,1846
3636004,366
3669560,256
3669816,107
3669923,169
3670092,929
3671021,424
3671445,2595
3674040,757
3674797,2561
3677358,20
3677378,486
3677864,271
3678135,194
3678329,921
3679250,357
3679607,1887
3700617,209
3700826,800
3701626,463
3702089,339
3702428,86
3702514,1298
3703812,157
3703969,264
3704233,9715
3713948,33
3713981,70
3714051,23
3714074,907
3714981,12605
3727586,16
3727602,177
3727779,249
3728028,47
3728075,477
3728552,7112
3735664,52
3735716,11
3735727,759
3736486,15145
3751631,71
3751702,157
3751859,325
3752184,171
3752355,227
3752582,196
3752778,54
3752832,294
3753126,2156
3755282,203
3755485,7582
3763067,78
3763145,38
3763183,27
3763210,190
3763400,12
3763412,11273
3774685,98
3774783,28
3774811,299
3775110,114
3775224,1520
3776744,533
3777277,802
3778079,1
3778080,10987
3789067,79
3789146,80
3789226,180
3789406,26
3789432,4429
3793861,21
3793882,21466
3815348,135
3815483,1233
3816716,32
3816748,1281
3818029,1557
3819586,29
3819615,957
3820572,1129
3821701,6
3821707,1748
3823455,11895
3835350,21
3835371,28
3835399,83
3835482,104
3835586,1446
3837032,830
3837862,1499
3839361,7
3839368,2511
3841879,13
3858970,43
3859013,62
3859075,352
3859427,1283
3860710,1654
3862364,1715
3864079,579
3864658,152
3864810,2329
3867139,379
3867518,402
3867920,13208
3881128,158
3881286,109
3881395,264
3881659,60
3881719,137
3881856,1194
3883050,2
3883052,9
3883061,60
3883121,119
3883240,10888
3894128,6
3894134,450
3894584,57
3894641,8
3894649,149
3894798,645
3928045,787
3928832,95
3928927,465
3929392,334
3929726,3633
3933359,651
3934010,52
3934062,1098
3935160,578
3935738,4097
3939835,6
3939841,921
3940762,1267
3942029,2396
3944425,7384
3951809,12
3951821,73
3951894,4245
3956139,18261
3974400,2021
3976421,584
3977005,211
3977216,466
3977682,374
3978056,627
3978683,59
3978742,1263
3980005,2121
3982126,433
3982559,2473
3985032,3
3992910,26
3992936,26
3992962,74
3993036,17
3993053,324
3993377,370
3993747,2271
3996018,8
3996026,4
3996030,90
3996120,13052
4009172,371
4009543,34
4009577,588
4010165,78
4010243,25
4010268,23
4010291,77
4010368,711
4011079,1990
4013069,8
4013077,1160
4014237,5267
4019504,1
4019505,230
4019735,15
4019750,5068
4024818,1754
4043762,53
4043815,49
4043864,570
4044434,1201
4045635,1803
4047438,427
4047865,301
4048166,39
4048205,6
4048211,289
4048500,1962
4050462,7608
4058070,38
4058108,65
4058173,26
4058199,213
4058412,181
4058593,236
4072999,24
4073023,881
4073904,43
4073947,175
4074122,301
4074423,4
4074427,456
4074883,2836
4077719,1332
4079051,48
4079099,755
4079854,50
4079904,19511
4099415,173
4099588,2649
4102237,717
4102954,279
4103233,24
4103257,1006
4104263,139
4104402,397
4104799,78
4104877,9514
4114391,29
4114420,96
4114516,8265
4122781,119
4122900,173
4123073,26
4123099,228
4123327,837
4124164,1057
4125221,2
4125223,4325
4129548,55
4144207,33
4144240,152
4144392,52
4144444,20
4144464,131
4144595,43
4144638,5
4144643,328
4144971,3365
4148336,18
4163320,44
4163364,41
4163405,242
4163647,242
4163889,432
4164321,786
4165107,89
4165196,41
4165237,283
4165520,6898
4172418,121
4172539,2
4172541,5809
4178350,87
4178437,276
4178713,1
4178714,14513
4193227,251
4193478,69
4193547,1095
4194642,213
4194855,82
4194937,2410
4197347,1931
4225261,510
4225771,43
4225814,676
4226490,265
4226755,21
4226776,5709
4232485,2
4232487,378
4232865,207
4233072,349
4233421,644
4234065,16306
4250371,106
4250477,1473
4251950,88
4252038,465
4252503,40
4252543,2130
4254673,1184
4255857,3141
4258998,39
4259037,2305
4261342,12
4261354,3
4261357,128
4261485,11295
4272780,26
4272806,305
4273111,13
4273124,45
4273169,88
4273257,930
4274187,582
4274769,67
4274836,2051
4276887,6
4276893,34439
4311332,314
4311646,627
4312273,1630
4313903,166
4314069,173
4314242,2596
4316838,87
4316925,14124
4331049,125
4331174,87
4331261,253
4331514,593
4332107,87
4332194,64
4332258,1573
4333831,3746
4337577,30
4337607,3101
4340708,3
4340711,122
4340833,31589
4372422,128
4372550,711
4373261,58
4373319,4943
4378262,1543
4379805,1
4379806,168
4379974,4470
4384444,46
4384490,140
4384630,7358
4391988,15
4392003,9
4392012,444
4392456,89
4392545,1734
4423363,2
4423365,306
4423671,710
4424381,968
4425349,393
4425742,1007
4426749,1033
4427782,5135
4432917,433
4433350,1224
4434574,685
4435259,168
4435427,2616
4438043,162
4438205,342
4456419,136
4456555,1260
4457815,103
4457918,248
4458166,162
4458328,1092
4459420,24
4459444,7836
4467280,37
4467317,166
4467483,149
4467632,2576
4470208,5
4470213,800
4493207,681
4493888,2310
4496198,642
4496840,1272
4498112,413
4498525,337
4498862,8499
4507361,56
4520657,9
4520666,64
4520730,5
4520735,223
4520958,195
4521153,104
4521257,42
4521299,88
4521387,96
4521483,3
4521486,173
4521659,450
4540518,103
4540621,1476
4542097,9
4542106,515
4542621,332
4542953,129
4543082,295
4543377,27
4543404,898
4544302,5492
4549794,29
4549823,2251
4552074,733
4552807,10191
4562998,7
4563005,20
4563025,17
4563042,532
4563574,155
4563729,951
4564680,4703
4586113,28
4586141,289
4586430,148
4586578,324
4586902,363
4587265,211
4587476,3619
4591095,1100
4592195,2
4592197,1156
4593353,5116
4598469,44
4598513,760
4599273,63
4599336,9078
4608414,44
4608458,8
4608466,29
4608495,157
4608652,118
4608770,7240
4616010,50
4616060,75
4616135,330
4616465,16858
4633323,145
4633468,22
4633490,37
4633527,547
4634074,552
4634626,27
4634653,3503
4638156,2426
4640582,7110
4647692,42
4647734,32
4647766,903
4673978,379
4674357,356
4674713,148
4674861,600
4675461,1454
4676915,552
4677467,853
4678320,649
4678969,1884
4680853,8103
4688956,124
4689080,3119
4692199,1320
4693519,8901
4702420,109
4702529,5
4702534,138
4722561,231
4722792,1052
4723844,1580
4725424,3
4725427,28
4725455,128
4725583,55
4725638,735
4726373,2179
4728552,2762
4731314,5934
4737248,4
4737252,124
4737376,724
4738100,2789
4740889,7
4764856,246
4765102,1009
4766111,3
4766114,385
4766499,461
4766960,1029
4767989,489
4768478,30
4768508,984
4769492,1303
4770795,1284
4772079,7
4772086,189
4772275,2353
4774628,103
4774731,2195
4790639,33
4790672,50
4790722,55
4790777,311
4791088,8
4791096,256
4791352,36
4791388,305
4791693,2320
4794013,4020
4798033,1402
4799435,6002
4805437,232
4805669,306
4805975,1452
4807427,7268
4814695,27
4814722,157
4814879,639
4825552,62
4825614,3
4825617,15
4825632,557
4826189,126
4826315,2710
4829025,17
4840510,305
4840815,112
4840927,80
4841007,199
4841206,28
4841234,17
4841251,1735
4842986,1645
4844631,3
4844634,987
4845621,2747
4871154,314
4871468,143
4871611,6
4871617,215
4871832,181
4872013,104
4872117,710
4872827,166
4872993,1058
4874051,6856
4880907,73
4880980,86
4881066,261
4881327,1441
4882768,486
4883254,8
4883262,12069
4895331,1
4895332,103
4895435,51
4895486,886
4896372,699
4897071,3359
4900430,5
4900435,651
4929014,606
4929620,1917
4931537,310
4931847,106
4931953,1268
4933221,1189
4934410,5761
4940171,374
4941085,1
4941086,1458
4942544,3475
4946019,9564
4955583,8
4955591,38
4955629,93
4955722,3450
4959172,2
4959174,3200
4962374,3
4962377,347
4986137,656
4986793,415
4987208,18
4987226,1811
4989037,1612
4990649,403
4991052,1452
5000155,102
5000257,120
5000377,3887
5004264,4
5004268,232
5004500,2638
5007138,18179
5025317,633
5025950,325
5026275,105
5026380,218
5026598,340
5026938,64
5027002,242
5027244,1315
5028559,1251
5029810,314
5030124,1447
5031571,2
5031573,3419
5034992,31
5035023,120
5052572,17
5052589,561
5053150,885
5054035,84
5054119,363
5054482,1149
5055631,2323
5057954,299
5058253,606
5058859,2837
5061696,909
5062605,19649
5082254,85
5082339,756
5083095,572
5083667,83
5083750,683
5084433,711
5085144,1534
5086678,468
5087146,1022
5088168,372
5088540,2861
5091401,2806
5094207,4699
5098906,26666
5125572,50
5125622,8
5125630,361
5125991,482
5126473,536
5127009,360
5127369,151
5127520,5936
5133456,35
5133491,30
5133521,247
5133768,1552
5135320,1990
5137310,424
5175734,561
5176295,502
5176797,1202
5177999,32
5178031,42
5178073,56
5178129,263
5178392,1647
5180039,99
5180138,7201
5187339,25
5187364,230
5187594,208
5187802,510
5206774,23
5206797,378
5207175,632
5207807,93
5207900,221
5208121,240
5208361,839
5209200,235
5209435,967
5210402,764
5211166,84
5211250,985
5243099,266
5243365,302
5243667,779
5244446,558
5245004,738
5245742,1347
5247089,4608
5251697,3
5251700,16
5251716,429
5252145,351
5252496,1736
5254232,15463
5269695,59
5269754,296
5270050,1746
5271796,668
5272464,36
5272500,163
5272663,460
5273123,2372
5275495,9
5275504,2896
5278400,2
5278402,262
5278664,4
5278668,1733
5280401,5597
5285998,11
5286009,13
5287708,1
5302415,152
5302567,19
5302586,60
5302646,130
5302776,546
5303322,288
5303610,148
5303758,4638
5308396,592
5308988,1651
5310639,2955
5313594,29
5313623,2
5313625,19
5313644,941
5326079,243
5326322,9
5326331,123
5326454,2
5326456,108
5326564,583
5327147,1329
5328476,424
5341521,45
5341566,348
5341914,187
5342101,6
5342107,310
5342417,163
5342580,149
5342729,5712
5348441,1415
5349856,6
5349862,4248
5381478,1534
5383012,67
5383079,1506
5384585,2403
5386988,68
5387056,66
5387122,400
5387522,554
5388076,410
5388486,6011
5394497,4
5394501,130
5394631,84
5394715,102
5394817,2946
5397763,702
5398465,168
5398633,2732
5401365,9
5426190,456
5426646,139
5426785,599
5427384,51
5427435,591
5428026,261
5428287,578
5428865,13109
5441974,188
5442162,302
5442464,33
5442497,215
5442712,4451
5447163,121
5447284,262
5447546,1349
5475159,464
5475623,611
5476234,149
5476383,1594
5477977,560
5478537,118
5478655,757
5479412,702
5480114,4918
5485032,9
5485041,3164
5488205,9
5488214,1
5488215,2750
5490965,2089
5493054,1029
5494083,10594
5504677,61
5504738,191
5504929,7
5504936,98
5505034,184
5505218,10
5505228,93
5505321,65
5505386,1923
5507309,204
5507513,974
5508487,18248
5526735,223
5526958,1260
5528218,71
5528289,34
5528323,49
5528372,114
5528486,381
5528867,500
5529367,125
5529492,6319
5535811,93
5535904,205
5536109,44
5536153,5167
5541320,48
5541368,356
5541724,500
5556568,87
5556655,116
5556771,188
5556959,51
5557010,625
5557635,646
5558281,32
5558313,1512
5559825,2
5559827,320
5560147,1588
5561735,4
5561739,5
5561744,4138
5565882,74
5592041,17
5592058,371
5592429,956
5593385,1748
5595133,91
5595224,220
5595444,908
5596352,1368
5597720,981
5598701,879
5599580,1826
5601406,119
5601525,5723
5607248,2113
5637393,384
5637777,26
5637803,43
5638872,563
5639435,2504
5641939,155
5642094,113
5642207,230
5642437,823
5643260,7119
5650379,76
5650455,49
5650504,2459
5652963,5
5652968,530
5653498,19543
5673041,10
5673051,53
5673104,30
5673134,721
5673855,153
5674008,498
5674506,6
5674512,992
5675504,238
5675742,3862
5679604,4229
5683833,7
5683840,1562
5685402,2
5685404,832
5686236,516
5686752,7593
5694345,1
5694346,87
5694433,179
5694612,350
5694962,37436
5732398,696
5733094,2463
5735557,2397
5737954,175
5738129,706
5738835,584
5739419,368
5739787,777
5740564,760
5741324,10
5741334,5922
5747256,1114
5748370,897
5749267,3669
5752936,7
5752943,12
5785295,330
5785625,207
5785832,367
5786199,147
5786346,1827
5788173,1005
5789178,346
5789524,398
5789922,66
5789988,3182
5793170,4627
5797797,2
5797799,2328
5800127,23
5800150,2177
5802327,4
5802331,27048
5829379,292
5829671,31
5829702,403
5830105,214
5830319,1073
5831392,118
5831510,124
5831634,1067
5832701,1299
5834000,429
5834429,1908
5836337,113
5836450,657
5837107,3
5867800,21
5867821,87
5867908,118
5868026,762
5868788,1
5868789,477
5869266,124
5869390,408
5869798,990
5870788,901
5871689,5604
5877293,28
5877321,772
5878093,825
5878918,3759
5882677,5
5882682,22
5882704,7
5882711,3987
5886698,12
5886710,34596
5921306,1384
5922690,262
5922952,2636
5925588,1447
5927035,3134
5930169,159
5930328,1619
5931947,295
5932242,1105
5933347,227
5933574,4456
5938030,10
5938040,1007
5939047,2873
5941920,3
5941923,914
5942837,4090
5946927,700
5986956,230
5987186,1205
5988391,175
5988566,53
5988619,2185
5990804,485
5991289,704
5991993,34
5992027,165
5992192,2377
5994569,329
5994898,1907
5996805,1769
5998574,104
6005938,42
6005980,1
6005981,100
6006081,533
6028020,57
6028077,2571
6030648,382
6031030,5391
6036421,8
6036429,307
6036736,236
6036972,1081
6038053,5097
6043150,2447
6045597,1181
6046778,1629
6048407,4775
6053182,1603
6090489,396
6090885,452
6091337,53
6091390,64
6091454,1033
6092487,1218
6093705,194
6093899,2337
6096236,644
6096880,2214
6099094,2027
6104764,21
6104785,2401
6107186,4214
6111400,7
6111407,24763
6136170,465
6136635,845
6137480,68
6137548,741
6138289,297
6138586,889
6139475,561
6140036,1716
6141752,1200
6142952,218
6143170,1
6143171,8592
6151763,26
6151789,57
6151846,24
6151870,123
6151993,1297
6191347,507
6191854,373
6192227,23
6192250,55
6192305,538
6192843,256
6193099,11
6193110,232
6193342,1189
6194531,572
6195103,259
6195362,2463
6197825,471
6198296,803
6199099,4254
6222215,254
6222469,771
6223240,37
6223277,216
6223493,815
6224308,242
6224550,229
6224779,109
6224888,48
6224936,849
6225785,2493
6228278,777
6229055,712
6229767,25846
6255613,406
6256019,10
6256029,90
6256119,2073
6258192,128
6258320,373
6258693,2283
6260976,2018
6262994,690
6263684,264
6263948,3068
6267016,8
6267024,17
6267041,226
6267267,18227
6285494,723
6286217,271
6286488,60
6286548,642
6287190,109
6287299,394
6287693,790
6288483,899
6289382,491
6289873,345
6290218,342
6290560,2381
6292941,3113
6296054,40202
6336256,938
6337194,908
6338102,315
6338417,1545
6339962,1847
6341809,3202
6345011,128
6345139,25
6345164,2730
6347894,554
6348448,2300
6350748,32
6350780,85
6350865,7321
6358186,5
6358191,20
6358211,14
6358225,407
6358632,15677
6374309,278
6374587,268
6374855,340
6375195,9
6375204,294
6375498,118
6375616,463
6376079,2880
6378959,4
6378963,2
6378965,2400
6381365,112
6381477,539
6401805,125
6401930,871
6402801,39
6402840,523
6403363,354
6403717,881
6404598,538
6405136,1018
6406154,16
6406170,4079
6410249,10
6410259,106
6410365,5705
6416070,160
6416230,195
6416425,36894
6453319,1160
6454479,83
6454562,293
6454855,553
6455408,4
6455412,200
6455612,329
6455941,265
6456206,526
6456732,125
6456857,440
6486586,1223
6487809,247
6488056,139
6488195,796
6488991,133
6489124,63
6489187,1769
6490956,121
6491077,1793
6492870,466
6493336,1417
6494753,7
6494760,4688
6499448,7
6499455,191
6523030,404
6523434,102
6523536,176
6523712,75
6523787,2190
6525977,236
6526213,386
6526599,1228
6527827,197
6528024,8315
6536339,72
6536411,173
6536584,322
6536906,89
6536995,3265
6540260,10
6540270,9
6540279,19
6540298,4932
6545230,1305
6546535,21312
6567847,6
6567853,167
6568020,36
6568056,727
6568783,290
6569073,774
6569847,227
6570074,586
6570660,325
6570985,4402
6575387,8
6575395,2290
6577685,12
6599665,71
6599736,2803
6602539,33
6602572,1554
6604126,302
6604428,22
6604450,646
6605096,5390
6610486,43
6610529,76
6610605,2403
6623634,55
6623689,83
6623772,15
6623787,278
6624065,4
6624069,54
6624123,83
6624206,1013
6625219,1041
6626260,36824
6663084,238
6663322,366
6663688,1273
6664961,405
6665366,229
6665595,112
6665707,4394
6670101,113
6670214,10974
6681188,214
6681402,18
6681420,300
6681720,69
6681789,901
6682690,6916
6689606,132
6689738,172
6711576,53
6711629,249
6711878,872
6712750,198
6712948,881
6713829,124
6713953,1068
6715021,59
6715080,485
6715565,528
6716093,526
6716619,61
6716680,1026
6717706,2457
6737709,18
6737727,32
6737759,2535
6740294,79
6740373,700
6741073,95
6741168,535
6741703,215
6741918,204
6742122,1833
6743955,755
6744710,288
6744998,2068
6763357,213
6763570,2115
6765685,43
6765728,1108
6766836,3770
6770606,15
6770621,1602
6772223,1594
6773817,6
6773823,22373
6796196,1252
6797448,112
6797560,88
6797648,292
6797940,11
6797951,1261
6799212,41
6799253,368
6799621,850
6800471,2360
6802831,2472
6805303,2388
6807691,4
6807695,365
6808060,18031
6826091,85
6826176,967
6827143,255
6827398,87
6827485,56
6827541,87
6827628,185
6827813,742
6828555,40
6828595,3819
6832414,3538
6835952,3
6835955,14
6874571,397
6874968,31
6874999,1597
6876596,1526
6878122,204
6878326,305
6878631,17
6878648,287
6878935,291
6879226,2035
6881261,7
6881268,1151
6882419,950
6883369,3370
6886739,4
6906432,1724
6908156,519
6908675,85
6908760,1101
6909861,62
6909923,282
6910205,1579
6911784,1972
6913756,7
6913763,8
6913771,2262
6916033,1094
6917127,4697
6921824,4901
6926725,53
6926778,1271
6928049,2754
6952829,1254
6954083,933
6955016,134
6955150,68
6955218,1615
6956833,148
6956981,203
6957184,26
6957210,471
6957681,614
6958295,2758
6961053,7547
6968600,12
6968612,27
6968639,20
6968659,1043
6969702,1717
6971419,425
6971844,11
6997823,1055
6998878,1018
6999896,121
7000017,50
7000067,123
7000190,207
7000397,3968
7004365,1
7004366,908
7005274,133
7005407,2810
7008217,1651
7024106,180
7024286,303
7024589,75
7024664,222
7024886,213
7025099,51
7025150,3844
7028994,966
7029960,1775
7031735,29
7059784,252
7060036,743
7060779,619
7061398,331
7061729,39
7061768,3902
7065670,551
7066221,459
7066680,1173
7067853,956
7068809,9061
7077870,6
7077876,44
7077920,118
7078038,213
7078251,5
7078256,14078
7092334,83
7092417,226
7092643,266
7092909,66
7092975,92
7093067,138
7093205,941
7094146,517
7094663,798
7095461,299
7133020,17
7133037,1773
7134810,721
7135531,2421
7137952,1
7137953,978
7138931,1
7138932,362
7139294,428
7139722,1196
7140918,1354
7142272,85
7142357,5758
7148115,3577
7151692,376
7152068,4168
7156236,14
7185940,330
7186270,230
7186500,89
7186589,41
7186630,2852
7189482,437
7189919,1111
7191030,1891
7192921,723
7193644,184
7193828,1022
7194850,734
7195584,278
7195862,15643
7211505,29
7211534,62
7211596,41
7211637,304
7211941,45
7211986,607
7212593,233
7212826,63
7212889,40
7212929,2635
7215564,383
7240868,573
7241441,8
7241449,244
7241693,148
7241841,790
7242631,351
7242982,302
7243284,224
7243508,3664
7247172,957
7248129,291
7248420,153
7248573,976
7249549,34039
7283588,152
7283740,4665
7288405,175
7288580,1541
7290121,98
7290219,347
7290566,2989
7293555,515
7294070,210
7294280,5035
7299315,18
7299333,911
7300244,348
7310703,44
7310747,9
7310756,148
7310904,933
7336811,619
7337430,543
7337973,1652
7339625,1671
7341296,266
7341562,3467
7345029,925
7345954,2296
7348250,354
7348604,1516
7350120,920
7351040,114
7351154,4078
7355232,7
7377402,786
7378188,1118
7379306,188
7379494,48
7379542,97
7379639,368
7380007,185
7380192,736
7380928,712
7381640,292
7381932,1066
7382998,5963
7388961,44
7389005,106
7389111,3254
7392365,26537
7418902,14
7418916,1279
7420195,90
7420285,523
7420808,454
7421262,758
7422020,3004
7425024,7
7425031,5382
7430413,4
7430417,103
7430520,143
7430663,1062
7431725,37503
7469228,1169
7470397,278
7470675,1900
7472575,1268
7473843,9
7473852,386
7474238,355
7474593,11
7474604,615
7475219,1098
7476317,12
7476329,654
7476983,1431
7478414,1
7478415,111
7478526,19374
7497900,1636
7499536,123
7499659,68
7499727,831
7500558,121
7500679,2800
7503479,3893
7507372,3207
7510579,5
7510584,807
7511391,642
7517870,57
7517927,8
7517935,10
7517945,199
7518144,127
7518271,26
7518297,1
7518298,35238
7553536,1936
7555472,15
7555487,1500
7556987,320
7557307,246
7557553,1369
7558922,550
7559472,43
7568472,15
7568487,54
7568541,7
7568548,21
7568569,23
7568592,863
7569455,34245
7603700,2
7603702,937
7604639,304
7604943,1363
7606306,434
7606740,153
7606893,644
7607537,2456
7609993,910
7610903,4000
7614903,282
7615185,580
7647311,1223
7648534,39
7648573,1158
7649731,2163
7651894,2946
7654840,400
7655240,53
7655293,3908
7659201,2089
7661290,5575
7666865,43
7666908,66
7666974,1745
7668719,170
7668889,420
7709119,1701
7710820,235
7711055,1044
7712099,875
7712974,839
7713813,352
7714165,921
7715086,3046
7718132,3
7718135,2710
7720845,218
7721063,1086
7722149,650
7722799,437
7723236,3583
7761173,176
7761349,566
7761915,212
7762127,1068
7763195,29
7763224,79
7763303,215
7763518,4339
7767857,1
7767858,558
7768416,7151
7775567,58
7775625,10
7775635,115
7775750,245
7775995,236
7806788,174
7806962,143
7807105,55
7807160,108
7807268,5814
7813082,690
7813772,37
7813809,732
7814541,713
7815254,2335
7817589,10
7817599,3100
7820699,1372
7822071,9
7822080,30
7822110,694
7852056,453
7852509,213
7852722,555
7853277,264
7853541,701
7854242,552
7854794,3336
7858130,368
7858498,988
7859486,398
7859884,1134
7861018,1
7861019,1
7861020,12286
7873306,31
7873337,41
7873378,137
7873515,126
7873641,583
7874224,1637
7875861,1206
7877067,3585
7880652,17
7880669,268
7906414,143
7906557,867
7907424,11
7907435,1158
7908593,1803
7910396,473
7910869,41
7910910,97
7911007,927
7911934,7229
7919163,50
7919213,1527
7920740,3124
7923864,989
7924853,2468
7927321,5544
7932865,9
7932874,53
7932927,1034
7968590,238
7968828,1251
7970079,959
7971038,151
7971189,773
7971962,646
7972608,3472
7976080,497
7976577,949
7977526,498
7978024,743
8002109,898
8003007,191
8003198,21
8003219,1026
8004245,795
8005040,736
8005776,373
8006149,2526
8008675,1198
8009873,4931
8014804,642
8015446,1145
8016591,2
8048646,605
8049251,30
8049281,96
8049377,31
8049408,1817
8051225,613
8051838,967
8052805,433
8053238,1565
8054803,1
8067141,5
8067146,12
8067158,27
8067185,345
8067530,105
8067635,1187
8068822,462
8069284,25802
8095086,760
8095846,60
8095906,2127
8098033,52
8098085,1045
8099130,445
8099575,1836
8101411,500
8101911,329
8102240,691
8102931,4337
8107268,1941
8109209,1836
8147561,215
8147776,1441
8149217,67
8151946,15
8151961,894
8152855,659
8153514,1277
8154791,975
8155766,4641
8160407,129
8160536,1762
8162298,542
8162840,323
8163163,87
8163250,8501
8171751,113
8171864,4
8171868,52
8171920,109
8172029,203
8172232,22108
8194340,478
8194818,500
8195318,72
8195390,362
8195752,1139
8196891,387
8197278,26
8197304,1584
8198888,7
8198895,550
8199445,9942
8209387,145
8209532,4
8209536,58
8209594,491
8210085,76
8210161,5098
8241998,1076
8243074,918
8243992,646
8244638,490
8245128,2344
8247472,6
8247478,1283
8248761,62
8248823,188
8249011,1062
8250073,2024
8252097,331
8263885,282
8264167,80
8264247,38
8264285,9
8264294,6099
8270393,54
8270447,4
8270451,1
8270452,3341
8273793,5592
8279385,34
8279419,15933
8295352,35
8295387,21
8295408,313
8295721,1101
8296822,521
8297343,548
8297891,104
8297995,68
8298063,4371
8302434,4025
8306459,1318
8307777,4472
8312249,13
8312262,42
8312304,40516
8352820,838
8353658,1930
8355588,874
8356462,990
8357452,69
8357521,214
8357735,165
8359881,3
8359884,2995
8362879,3376
8366255,167
8366422,4004
8370426,9
8370435,1680
8372115,3
8372118,35121
8407239,205
8407444,151
8407595,277
8407872,74
8407946,1508
8409454,351
8409805,91
8409896,332
8410228,1637
8411865,7902
8419767,120
8419887,12
8419899,43
8419942,51
8419993,3408
8459570,21
8459591,2401
8461992,640
8462632,801
8463433,1590
8465023,376
8465399,472
8465871,1632
8467503,191
8467694,2798
8470492,164
8478207,26
8478233,10
8478243,27
8478270,122
8478392,32
8478424,38508
8516932,620
8517552,1407
8518959,387
8519346,31
8519377,339
8519716,380
8520096,661
8520757,737
8521494,163
8521657,989
8522646,3324
8525970,3
8525973,6779
8532752,7
8532759,7
8532766,70
8532836,20
8532856,16
8532872,110
8569198,152
8569350,1298
8570648,1918
8572566,126
8572692,432
8573124,2936
8576060,3
8576063,1798
8577861,4
8577865,550
8578415,3910
8582325,1404
8583729,379
8620647,239
8620886,1640
8622526,1280
8623806,123
8623929,543
8624472,1970
8626442,133
8626575,449
8627024,1107
8628131,2200
8630331,5
8630336,3189
8633525,964
8634489,748
8673976,1018
8674994,1119
8676113,1156
8677269,273
8677542,490
8678032,291
8678323,52
8678375,1045
8679420,223
8679643,11448
8691091,34
8691125,124
8691249,22
8691271,104
8691375,1317
8692692,292
8692984,38228
8731212,3683
8734895,45
8734940,1076
8736016,831
8736847,568
8737415,589
8738004,419
8738423,2089
8740512,218
8740730,3675
8744405,1
8744406,9
8744415,387
8744802,143
8744945,989
8745934,37895
8783829,1710
8785539,421
8785960,1430
8787390,3231
8790621,304
8790925,74
8790999,214
8791213,1244
8792457,2133
8794590,4278
8798868,13
8798881,371
8799252,1274
8830341,150
8830491,483
8830974,424
8831398,660
8832058,3214
8835272,1002
8836274,2133
8838407,9865
8848272,190
8848462,1822
8887904,1585
8889489,374
8889863,600
8890463,29
8890492,132
8890624,2084
8892708,6181
8898889,93
8898982,23
8899005,26
8899031,2590
8901621,5742
8907363,13
8907376,194
8907570,29
8907599,1671
8943796,15
8943811,1114
8944925,578
8945503,1802
8947305,403
8947708,77
8947785,1782
8949567,269
8949836,1822
8951658,4362
8956020,2
8956022,309
8956331,2614
8958945,39183
8998128,1747
8999875,255
9000130,756
9000886,720
9001606,47
9001653,733
9002386,500
9002886,1626
9004512,1818
9006330,1
9006331,9545
9015876,8
9015884,28
9015912,1169
9017081,26
9017107,221
9017328,1908
9019236,12
9055462,535
9055997,489
9056486,2
9056488,1988
9058476,52
9058528,681
9059209,2446
9061655,120
9061775,722
9069048,22
9069070,10
9069080,27
9069107,70
9069177,4630
9073807,4
9073811,2071
9075882,24871
9100753,380
9101133,29
9101162,110
9101272,220
9101492,28
9101520,2281
9103801,1477
9105278,3319
9108597,14264
9122861,72
9122933,171
9123104,7
9123111,2
9123113,493
9123606,321
9123927,3303
9127230,359
9158973,366
9159339,232
9159571,437
9160008,368
9160376,2110
9162486,1137
9163623,1
9163624,166
9163790,3877
9167667,147
9167814,1411
9169225,2914
9172139,380
9172519,348
9172867,3616
9176483,23320
9199803,372
9200175,291
9200466,32
9200498,128
9200626,2021
9202647,161
9202808,3475
9206283,4310
9210593,9194
9219787,146
9219933,14
9219947,671
9220618,3039
9223657,10
9223667,3548
9227215,14
9261675,89
9261764,430
9262194,1023
9263217,3036
9266253,1121
9267374,81
9267455,4104
9271559,19
9271578,877
9272455,727
9273182,1254
9274436,110
9274546,1206
9275752,37404
9313156,5
9313161,239
9313400,3240
9316640,2874
9319514,564
9320078,668
9320746,411
9321157,3144
9324301,7
9324308,2143
9326451,925
9327376,1142
9328518,639
9329157,770
9360703,5
9360708,502
9361210,706
9361916,5372
9367288,1261
9368549,3507
9372056,2
9372058,1125
9373183,10898
9384081,43
9384124,44
9384168,44
9384212,384
9384596,70
9384666,618
9385284,266
9416983,1303
9418286,72
9418358,282
9418640,66
9418706,325
9419031,98
9419129,37
9419166,1061
9420227,1151
9421378,873
9422251,10227
9432478,4
9432482,789
9433271,2341
9435612,4
9435616,33290
9468906,654
9469560,6
9469566,1439
9471005,2532
9473537,1338
9474875,5924
9480799,2146
9482945,2657
9485602,30
9485632,473
9486105,2867
9488972,33745
9522717,435
9523152,349
9523501,397
9523898,1960
9525858,1738
9527596,1170
9528766,9
9528775,9444
9538219,23
9538242,147
9538389,1353
9539742,2688
9542430,15
9542445,6
9542451,908
9582744,2527
9585271,270
9585541,408
9585949,2508
9588457,158
9588615,11
9588626,157
9588783,2373
9591156,1087
9592243,407
9592650,10353
9603003,17
9603020,27
9603047,124
9603171,2255
9605426,2799
9608225,38389
9646614,97
9646711,11
9646722,1479
9648201,227
9648428,30
9648458,5793
9654251,37
9654288,5193
9659481,17
9665856,68
9665924,40
9665964,136
9666100,1164
9667264,268
9667532,63
9702512,1162
9703674,1182
9704856,59
9704915,5309
9710224,45
9710269,339
9710608,1024
9711632,695
9712327,430
9712757,1831
9714588,3673
9718261,1775
9720036,6754
9726790,47
9726837,5
9726842,97
9726939,13
9757099,356
9757455,69
9757524,135
9763288,5
9763293,2627
9765920,3223
9769143,76
9769219,13065
9782284,107
9782391,114
9782505,102
9782607,10
9782617,372
9782989,798
9783787,41
9819842,362
9820204,441
9820645,1587
9822232,228
9822460,2756
9825216,155
9825371,59
9829485,1
9829486,1396
9830882,10229
9841111,60
9841171,19
9841190,268
9841458,1127
9842585,3534
9846119,12
9886660,424
9887084,2
9887086,727
9887813,144
9887957,3464
9891421,721
9892142,2429
9894571,897
9895468,58
9895526,1786
9897312,70
9897382,2489
9899871,3609
9903480,864
9904344,630
9937043,749
9937792,279
9938071,154
9938225,893
9939118,2811
9941929,489
9942418,115
9942533,86
9942619,2784
9945403,2
9945405,94
9945499,1510
9947009,5248
9952257,11
9952268,97
9959428,9
9959437,4
9959441,790
9989732,1007
9990739,253
9990992,493
9991485,765
9992250,556
9992806,1024
9993830,1609
9995439,7
9995446,474
9995920,1156
9997076,448
9997524,1577
9999101,1
9999102,462
9999564,436
-5,4
-5,4
-5,4
-5,4
-5,4
-5,4
-5,4
-5,4
-5,4
-5,4
-5,4
-5,4
-5,4
-5,4
-5,4
-5,4
-5,4
-5,4
-5,4
-5,4
-5,4
-5,4
-5,4
-5,4
-5,4
-5,4
-5,4
-5,4
-5,4
-5,4
-5,4
-5,4
-5,4
-5,4
-5,4
-5,4
-5,4
-5,4
-5,4
-5,4
-5,4
-5,4
-5,4
-5,4
-5,4
-5,4
-5,4
-5,4
-5,4
-5,4
-5,4
-5,4
-5,4
-5,4
-5,4
-5,4
-5,4
-5,4
-5,4
-5,4
-5,4
-5,4
-5,4
-5,4
-5,4
-5,4
-5,4
-5,4
-5,4
-5,4
-5,4
-5,4
-5,4
-5,4
-5,4
-5,4
-5,4
-5,4
-5,4
-5,4
-5,4
-5,4
-5,4
-5,4
-5,4
-5,4
-5,4
-5,4
-5,4
-5,4
-5,4
-5,4
-5,4
-5,4
-5,4
-5,4
-5,4
-5,4
-5,4
-5,4
-5,4
-5,4
-5,4
-5,4
-5,4
-5,4
-5,4
-5,4
-5,4
-5,4
-5,4
-5,4
-5,4
-5,4
-5,4
-5,4
-5,4
-5,4
-5,4
-5,4
-5,4
-5,4
-5,4
-5,4
-5,4
-5,4
-5,4
-5,4
-5,4
-5,4
-5,4
-5,4
-5,4
-5,4
-5,4
-5,4
-5,4
-5,4
-5,4
-5,4
-5,4
-5,4
-5,4
-5,4
-5,4
-5,4
-5,4
-5,4
-5,4
-5,4
-5,4
-5,4
-5,4
-5,4
-5,4
-5,4
-5,4
-5,4
-5,4
-5,4
-5,4
-5,4
-5,4
-5,4
-5,4
-5,4
-5,4
-5,4
-5,4
-5,4
-5,4
-5,4
-5,4
-5,4
-5,4
-5,4
-5,4
-5,4
-5,4
-5,4
-5,4
-5,4
-5,4
-5,4
-5,4
-5,4
-5,4
-5,4
-5,4
-5,4
-5,4
-5,4
-5,4
-5,4
-5,4
-5,4
-5,4
-5,4
-5,4
-5,4
-5,4
-5,4
-5,4
-5,4
-5,4
-5,4
-5,4
-5,4
-5,4
-5,4
-5,4
-5,4
-5,4
-5,4
-5,4
-5,4
-5,4
-5,4
-5,4
-5,4
-5,4
-5,4
-5,4
-5,4
-5,4
-5,4
-5,4
-5,4
-5,4
-5,4
-5,4
-5,4
-5,4
-5,4
-5,4
-5,4
-5,4
-5,4
-5,4
-5,4
-5,4
-5,4
-5,4
-5,4
-5,4
-5,4
-5,4
-5,4
-5,4
-5,4
-5,4
-5,4
-5,4
-5,4
-5,4
-5,4
-5,4
-5,4
-5,4
-5,4
-5,4
-5,4
-5,4
-5,4
-5,4
-5,4
-5,4
-5,4
-5,4
-5,4
-5,4
-5,4
-5,4
-5,4
-5,4
-5,4
-5,4
-5,4
-5,4
-5,4
-5,4
-5,4
-5,4
-5,4
-5,4
-5,4
-5,4
-5,4
-5,4
-5,4
-5,4
-5,4
-5,4
-5,4
-5,4
-5,4
-5,4
-5,4
-5,4
-5,4
-5,4
-5,4
-5,4
-5,4
-5,4
-5,4
-5,4
-5,4
-5,4
-5,4
-5,4
-5,4
-5,4
-5,4
-5,4
-5,4
-5,4
-5,4
-5,4
-5,4
-5,4
-5,4
-5,4
-5,4
-5,4
-5,4
-5,4
-5,4
-5,4
-5,4
-5,4
-5,4
-5,4
-5,4
-5,4
-5,4
-5,4
-5,4
-5,4
-5,4
-5,4
-5,4
-5,4
-5,4
-5,4
-5,4
-5,4
-5,4
-5,4
-5,4
-5,4
-5,4
-5,4
-5,4
-5,4
-5,4
-5,4
-5,4
-5,4
-5,4
-5,4
-5,4
-5,4
-5,4
-5,4
-5,4
-5,4
-5,4
-5,4
-5,4
-5,4
-5,4
-5,4
-5,4
-5,4
-5,4
-5,4
-5,4
-5,4
-5,4
-5,4
-5,4
-5,4
-5,4
-5,4
-5,4
-5,4
-5,4
-5,4
-5,4
-5,4
-5,4
-5,4
-5,4
-5,4
-5,4
-5,4
-5,4
-5,4
-5,4
-5,4
-5,4
-5,4
-5,4
-5,4
-5,4
-5,4
-5,4
-5,4
-5,4
-5,4
-5,4
-5,4
-5,4
-5,4
-5,4
-5,4
-5,4
-5,4
-5,4
-5,4
-5,4
-5,4
-5,4
-5,4
-5,4
-5,4
-5,4
-5,4
-5,4
-5,4
-5,4
-5,4
-5,4
-5,4
-5,4
-5,4
-5,4
-5,4
-5,4
-5,4
-5,4
-5,4
-5,4
-5,4
-5,4
-5,4
-5,4
-5,4
-5,4
-5,4
-5,4
-5,4
-5,4
-5,4
-5,4
-5,4
-5,4
-5,4
-5,4
-5,4
-5,4
-5,4
-5,4
-5,4
-5,4
-5,4
-5,4
-5,4
-5,4
-5,4
-5,4
-5,4
-5,4
-5,4
-5,4
-5,4
-5,4
-5,4
-5,4
-5,4
-5,4
-5,4
-5,4
-5,4
-5,4
-5,4
-5,4
-5,4
-5,4
-5,4
-5,4
-5,4
-5,4
-5,4
-5,4
-5,4
-5,4
-5,4
-5,4
-5,4
-5,4
-5,4
-5,4
-5,4
-5,4
-5,4
-5,4
-5,4
-5,4
-5,4
-5,4
-5,4
-5,4
-5,4
-5,4
-5,4
-5,4
-5,4
-5,4
-5,4
-5,4
-5,4
-5,4
-5,4
-5,4
-5,4
-5,4
-5,4
-5,4
-5,4
-5,4
-5,4
-5,4
-5,4
-5,4
-5,4
-5,4
-5,4
-5,4
-5,4
-5,4
-5,4
-5,4
-5,4
-5,4
-5,4
-5,4
-5,4
-5,4
-5,4
-5,4
-5,4
-5,4
-5,4
-5,4
-5,4
-5,4
-5,4
-5,4
-5,4
-5,4
-5,4
-5,4
-5,4
-5,4
-5,4
-5,4
-5,4
-5,4
-5,4
-5,4
-5,4
-5,4
-5,4
-5,4
-5,4
-5,4
-5,4
-5,4
-5,4
-5,4
-5,4
-5,4
-5,4
-5,4
-5,4
-5,4
-5,4
-5,4
-5,4
-5,4
-5,4
-5,4
-5,4
-5,4
-5,4
-5,4
-5,4
-5,4
-5,4
-5,4
-5,4
-5,4
-5,4
-5,4
-5,4
-5,4
-5,4
-5,4
-5,4
-5,4
-5,4
-5,4
-5,4
-5,4
-5,4
-5,4
-5,4
-5,4
-5,4
-5,4
-5,4
-5,4
-5,4
-5,4
-5,4
-5,4
-5,4
-5,4
-5,4
-5,4
-5,4
-5,4
-5,4
-5,4
-5,4
-5,4
-5,4
-5,4
-5,4
-5,4
-5,4
-5,4
-5,4
-5,4
-5,4
-5,4
-5,4
-5,4
-5,4
-5,4
-5,4
-5,4
-5,4
-5,4
-5,4
-5,4
-5,4
-5,4
-5,4
-5,4
-5,4
-5,4
-5,4
-5,4
-5,4
-5,4
-5,4
-5,4
-5,4
-5,4
-5,4
-5,4
-5,4
-5,4
-5,4
-5,4
-5,4
-5,4
-5,4
-5,4
-5,4
-5,4
-5,4
-5,4
-5,4
-5,4
-5,4
-5,4
-5,4
-5,4
-5,4
-5,4
-5,4
-5,4
-5,4
-5,4
-5,4
-5,4
-5,4
-5,4
-5,4
-5,4
-5,4
-5,4
-5,4
-5,4
-5,4
-5,4
-5,4
-5,4
-5,4
-5,4
-5,4
-5,4
-5,4
-5,4
-5,4
-5,4
-5,4
-5,4
-5,4
-5,4
-5,4
-5,4
-5,4
-5,4
-5,4
-5,4
-5,4
-5,4
-5,4
-5,4
-5,4
-5,4
-5,4
-5,4
-5,4
-5,4
-5,4
-5,4
-5,4
-5,4
-5,4
-5,4
-5,4
-5,4
-5,4
-5,4
-5,4
-5,4
-5,4
-5,4
-5,4
-5,4
-5,4
-5,4
-5,4
-5,4
-5,4
-5,4
-5,4
-5,4
-5,4
-5,4
-5,4
-5,4
-5,4
-5,4
-5,4
-5,4
-5,4
-5,4
-5,4
-5,4
-5,4
-5,4
-5,4
-5,4
-5,4
-5,4
-5,4
-5,4
-5,4
-5,4
-5,4
-5,4
-5,4
-5,4
-5,4
-5,4
-5,4
-5,4
-5,4
-5,4
-5,4
-5,4
-5,4
-5,4
-5,4
-5,4
-5,4
-5,4
-5,4
-5,4
-5,4
-5,4
-5,4
-5,4
-5,4
-5,4
-5,4
-5,4
-5,4
-5,4
-5,4
-5,4
-5,4
-5,4
-5,4
-5,4
-5,4
-5,4
-5,4
-5,4
-5,4
-5,4
-5,4
-5,4
-5,4
-5,4
-5,4
-5,4
-5,4
-5,4
-5,4
-5,4
-5,4
-5,4
-5,4
