10000000
0,1699
1699,8937
10636,5743
16379,3278
19657,6244
25901,9679
35580,684
36264,2813
39077,2606
41683,469
42152,2712
44864,5468
50332,654
50986,4711
55697,365
56062,9512
65574,2385
67959,15331
83290,446
83736,1429
85165,3663
88828,1074
89902,790
90692,1437
92129,107
92236,1607
93843,4309
98152,1568
99720,849
100569,3117
103686,600
104286,2808
107094,1740
108834,1968
110802,5048
115850,6070
121920,1572
123492,1860
125352,1742
127094,930
128024,2551
130575,993
131568,4768
136336,489
136825,127
136952,6413
143365,2364
145729,488
146217,2032
148249,1455
149704,4342
154046,3072
157118,5133
162251,507
162758,2444
165202,5591
170793,1758
172551,492
173043,2681
175724,6917
182641,3203
185844,301
186145,9744
195889,3693
199582,1811
201393,1266
202659,2841
205500,6435
211935,7892
219827,1204
221031,9780
230811,1857
232668,2629
235297,4987
240284,2303
242587,5520
248107,5753
253860,1303
255163,2028
257191,819
258010,1994
260004,2639
262643,3972
266615,2879
269494,7722
277216,4029
281245,1780
283025,8481
291506,6228
297734,1198
298932,9973
308905,275
309180,54
309234,472
309706,230
309936,3700
313636,3922
317558,4122
321680,6071
327751,697
328448,1686
330134,1272
331406,2336
333742,399
334141,3516
337657,2145
339802,5330
345132,1059
346191,8705
354896,6288
361184,443
361627,653
374202,859
375061,4727
379788,3567
383355,12895
396250,4553
400803,13428
414231,2257
416488,556
417044,981
418025,2198
420223,4685
424908,7524
432432,4513
436945,3284
440229,6605
446834,232
447066,1455
448521,2265
450786,2708
453494,769
454263,5919
460182,1983
462165,9017
471182,2893
474075,749
474824,12022
486846,4768
491614,5265
496879,3555
500434,2218
502652,762
503414,4456
507870,131
508001,12097
520098,3225
523323,3823
527146,1256
528402,1137
529539,14568
544107,1593
545700,182
545882,855
546737,430
547167,1473
548640,1674
550314,5607
555921,6
555927,2284
558211,1882
560093,6107
566200,515
566715,7388
574103,5949
580052,12983
593035,4695
597730,2445
600175,5282
605457,1032
606489,621
607110,120
607230,4218
611448,2411
613859,3199
617058,3913
620971,6395
627366,6646
634012,2474
636486,512
636998,1209
638207,94
638301,1745
640046,2497
642543,1461
644004,7226
651230,14485
665715,1997
667712,2955
670667,2698
673365,5007
678372,1780
680152,6027
686179,3152
689331,1539
690870,910
691780,7186
698966,258
699224,2565
701789,1900
703689,82
703771,8888
712659,395
713054,1377
714431,1036
715467,1138
716605,1217
717822,5602
723424,3366
726790,291
727081,2556
729637,5358
734995,4402
739397,6191
745588,187
745775,1416
747191,9271
756462,8460
764922,12961
777883,1100
778983,770
779753,3408
783161,2314
785475,4921
790396,8305
798701,1242
799943,1333
801276,2176
803452,782
804234,13039
817273,559
817832,2175
820007,3712
823719,1914
825633,5829
831462,667
832129,6772
838901,6802
845703,3574
849277,7520
856797,10253
867050,846
867896,4126
872022,14735
886757,117
886874,3000
889874,1339
891213,278
891491,1367
892858,6374
899232,233
899465,7476
906941,4108
911049,4086
915135,80
915215,5188
920403,7248
927651,15036
942687,3165
945852,13223
959075,775
959850,1127
960977,1298
962275,11294
973569,7753
981322,609
981931,723
982654,8343
990997,15883
1006880,134
1007014,727
1007741,955
1008696,3680
1012376,1073
1013449,491
1013940,5607
1019547,5528
1025075,1557
1026632,5734
1032366,340
1032706,1766
1034472,2513
1036985,6096
1043081,1026
1044107,2133
1046240,5864
1052104,7384
1059488,2730
1062218,647
1062865,2351
1065216,8061
1073277,6768
1080045,7339
1087384,346
1087730,616
1088346,5434
1093780,5945
1099725,2167
1101892,8040
1109932,319
1110251,2084
1112335,8184
1120519,413
1120932,3317
1124249,4278
1128527,9206
1137733,2980
1140713,3007
1143720,5438
1149158,7818
1156976,878
1157854,396
1158250,1221
1159471,2876
1162347,2789
1165136,755
1165891,5969
1171860,10706
1182566,68
1182634,3594
1186228,4750
1190978,3421
1194399,1577
1195976,2962
1198938,34
1198972,4254
1203226,1495
1204721,1075
1205796,4980
1210776,3954
1214730,1694
1216424,5989
1222413,13237
1235650,1323
1236973,1336
1238309,862
1239171,1035
1240206,2798
1243004,576
1243580,4611
1248191,782
1248973,942
1249915,15262
1265177,1770
1266947,1222
1268169,879
1269048,21
1269069,1932
1271001,671
1271672,171
1271843,5401
1277244,960
1278204,1661
1279865,5164
1285029,210
1285239,642
1285881,5839
1291720,958
1292678,709
1293387,2325
1295712,4116
1299828,5884
1305712,7954
1313666,1208
1314874,366
1315240,3688
1318928,4600
1323528,2080
1325608,3352
1328960,4896
1333856,7232
1341088,7836
1348924,4339
1353263,9355
1362618,2522
1365140,302
1365442,149
1365591,3716
1369307,6434
1375741,153
1375894,312
1376206,926
1377132,282
1377414,1179
1378593,1460
1380053,4702
1384755,562
1385317,10255
1395572,3943
1399515,14181
1413696,426
1414122,954
1415076,6624
1421700,10531
1432231,2751
1434982,6410
1441392,3849
1445241,7902
1453143,1149
1454292,15042
1469334,70
1469404,2760
1472164,1673
1473837,2444
1476281,5538
1481819,6441
1488260,14230
1502490,993
1503483,7
1503490,1027
1504517,3239
1507756,1867
1509623,6064
1515687,822
1516509,6609
1523118,8544
1531662,134
1531796,5241
1537037,2635
1539672,6293
1545965,568
1546533,3733
1550266,2141
1552407,422
1552829,6191
1559020,4906
1563926,3713
1567639,7364
1575003,5493
1580496,479
1580975,9129
1590104,1764
1591868,884
1592752,4095
1596847,255
1597102,3856
1600958,8757
1609715,1145
1610860,5892
1616752,13193
1629945,3230
1633175,1082
1634257,2362
1636619,6463
1643082,2885
1645967,7324
1653291,15332
1668623,498
1669121,1031
1670152,716
1670868,520
1671388,4414
1675802,4270
1680072,4986
1685058,6213
1691271,1490
1692761,2732
1695493,8142
1703635,1954
1705589,2798
1708387,3757
1712144,614
1712758,3478
1716236,6714
1722950,5669
1728619,6962
1735581,4823
1740404,10456
1750860,3041
1753901,12529
1766430,13716
1780146,2717
1782863,6785
1806035,30
1806065,440
1806505,1787
1808292,4399
1812691,1015
1813706,676
1814382,1093
1815475,1152
1816627,532
1817159,3095
1820254,5347
1825601,154
1825755,7190
1832945,233
1833178,295
1833473,3624
1837097,1089
1838186,4429
1842615,2705
1845320,8055
1853375,4853
1858228,8174
1866402,9658
1876060,4136
1880196,3814
1884010,3782
1887792,594
1888386,2107
1900678,1623
1902301,1294
1903595,607
1904202,689
1904891,2765
1907656,12795
1920451,1094
1921545,2654
1924199,2632
1926831,3486
1930317,3960
1934277,296
1934573,4576
1939149,6097
1945246,12822
1958068,791
1958859,450
1959309,5568
1964877,5193
1970070,2791
1972861,4382
1991772,876
1992648,46
2003258,4033
2007291,4977
2012268,2351
2014619,2175
2016794,3981
2020775,6748
2027523,7542
2044244,6381
2050625,209
2050834,3252
2054086,503
2054589,1724
2056313,3165
2059478,8125
2067603,8947
2076550,846
2077396,9971
2087367,9987
2097354,608
2097962,6873
2104835,9250
2114085,5925
2120010,4653
2124663,137
2124800,4434
2129234,8342
2137576,11026
2148602,734
2149336,1757
2151093,8624
2159717,4458
2164175,12395
2176570,3289
2179859,3727
2183586,7786
2191372,1827
2193199,11763
2221399,216
2221615,272
2221887,61
2221948,1563
2223511,1212
2224723,1365
2226088,919
2227007,755
2227762,1778
2229540,1341
2230881,2985
2233866,1275
2235141,57
2235198,2705
2237903,3111
2241014,4660
2245674,1992
2247666,4851
2252517,52
2252569,4117
2256686,10635
2267321,518
2267839,5947
2273786,350
2274136,5603
2279739,8820
2288559,12989
2301548,10762
2312310,1675
2313985,4674
2318659,13692
2332351,516
2332867,1199
2334066,5078
2339144,310
2339454,3418
2342872,2449
2345321,37
2345358,611
2345969,6620
2352589,43
2352632,421
2353053,8569
2361622,9817
2371439,8466
2379905,7826
2387731,10637
2398368,6708
2405076,3015
2408091,521
2408612,8
2408620,3306
2411926,1519
2413445,421
2413866,460
2414326,5235
2419561,1992
2421553,1694
2423247,5876
2429123,1861
2430984,1584
2432568,9094
2441662,1843
2443505,3268
2446773,4931
2451704,4242
2470257,1691
2471948,1936
2473884,744
2474628,151
2474779,2101
2476880,50
2476930,720
2477650,91
2477741,39
2477780,1208
2478988,1275
2480263,533
2480796,2123
2482919,615
2483534,605
2484139,2481
2486620,217
2486837,2597
2489434,1031
2490465,1415
2496260,68
2496328,2107
2498435,2380
2500815,440
2501255,2420
2503675,605
2504280,2533
2510061,1160
2511221,94
2511315,6649
2525258,1086
2526344,700
2527044,2592
2529636,2349
2531985,2947
2534932,9036
2543968,151
2544119,10981
2555100,11685
2566785,4005
2570790,359
2571149,3445
2574594,196
2574790,5555
2580345,958
2581303,5076
2586379,11583
2597962,3719
2601681,4996
2606677,5103
2611780,115
2611895,13851
2625746,791
2626537,1437
2627974,612
2628586,209
2628795,3957
2632752,6542
2639294,1345
2640639,1196
2641835,5560
2647395,8762
2656157,2901
2659058,10536
2669594,1166
2670760,1300
2672060,186
2672246,4698
2676944,4757
2681701,3021
2684722,5152
2689874,2302
2692176,5228
2697404,8496
2705900,9650
2715550,334
2715884,10155
2726039,4040
2730079,6
2730085,4084
2734169,4889
2739058,7121
2746179,11018
2757197,67
2757264,1132
2758396,7482
2765878,960
2766838,5401
2772239,635
2772874,9336
2782210,7667
2789877,1021
2790898,3712
2794610,9588
2804198,4960
2809158,1051
2810209,898
2811107,11297
2822404,1613
2824017,423
2824440,789
2825229,2593
2827822,9398
2837220,5438
2842658,655
2843313,945
2844258,4834
2849092,5421
2854513,9755
2864268,2495
2866763,5249
2872012,6829
2878841,12118
2890959,4111
2895070,2009
2897079,12265
2909344,3725
2913069,161
2913230,2280
2915510,126
2915636,419
2916055,487
2916542,1296
2917838,2484
2920322,660
2920982,2076
2923058,5970
2929028,498
2929526,3301
2932827,6132
2938959,759
2939718,8669
2948387,1575
2949962,5373
2955335,1641
2956976,1524
2958500,64
2958564,11978
2970542,256
2970798,524
2971322,4980
2976302,1955
2978257,3805
2982062,846
2982908,2659
2985567,8546
2994113,3176
2997289,1128
2998417,16759
3015176,261
3015437,362
3015799,519
3016318,268
3016586,611
3017197,1537
3018734,940
3019674,860
3020534,703
3021237,2453
3023690,199
3023889,3140
3027029,717
3027746,5242
3032988,573
3033561,1308
3034869,2313
3037182,4256
3041438,7222
3048660,7257
3055917,1427
3057344,7848
3065192,8261
3073453,2309
3075762,708
3076470,296
3076766,3982
3080748,2599
3083347,1794
3085141,3902
3089043,4698
3093741,691
3094432,1707
3096139,5343
3101482,877
3102359,1957
3104316,208
3104524,739
3105263,6363
3111626,3388
3115014,6807
3121821,398
3122219,3277
3125496,151
3125647,1410
3127057,2000
3129057,3817
3132874,3755
3136629,7028
3143657,942
3144599,1898
3146497,6715
3153212,8542
3161754,3027
3164781,735
3165516,1781
3167297,456
3167753,3815
3171568,4927
3176495,4484
3180979,5194
3186173,10031
3196204,587
3196791,583
3197374,11661
3209035,3846
3212881,4416
3217297,7575
3224872,514
3225386,5519
3230905,14134
3245039,1661
3246700,265
3246965,226
3247191,1183
3248374,1952
3250326,1698
3252024,3789
3255813,745
3256558,2852
3259410,1920
3261330,3795
3265125,1031
3266156,2523
3268679,3700
3272379,2346
3274725,8302
3283027,3506
3286533,3847
3290380,7372
3297752,3410
3301162,13191
3314353,506
3314859,7109
3321968,7189
3329157,4371
3333528,2832
3336360,2254
3338614,1875
3340489,1063
3341552,8870
3350422,3886
3354308,11388
3365696,194
3365890,697
3366587,12292
3378879,9676
3388555,2044
3390599,5812
3396411,4459
3400870,2214
3403084,508
3403592,4651
3408243,13142
3421385,56
3421441,577
3422018,3308
3425326,3849
3429175,6524
3435699,3896
3439595,5214
3444809,5796
3450605,7992
3458597,7549
3466146,1620
3467766,389
3468155,157
3468312,870
3469182,456
3469638,4325
3473963,1658
3475621,1471
3477092,465
3477557,751
3478308,435
3478743,3497
3482240,1836
3484076,7472
3491548,3997
3495545,3282
3498827,5758
3504585,9210
3513795,2584
3516379,12126
3528505,6452
3534957,2388
3537345,995
3538340,2897
3541237,1174
3542411,6894
3549305,4563
3553868,398
3554266,13748
3568014,4210
3572224,10463
3582687,4503
3587190,9141
3611071,1453
3612524,1515
3614039,319
3614358,2121
3616479,1322
3617801,914
3618715,376
3619091,983
3620074,2087
3622161,2298
3624459,317
3624776,63
3624839,2051
3626890,840
3627730,482
3628212,2827
3631039,3923
3634962,3571
3643861,375
3644236,289
3644525,2550
3647075,8108
3655183,988
3656171,2952
3659123,1007
3660130,1569
3661699,1491
3663190,3609
3666799,4644
3671443,1999
3673442,465
3673907,8659
3693618,300
3693918,304
3694222,1437
3695659,2749
3698408,477
3698885,66
3698951,856
3699807,1757
3701564,4384
3705948,5774
3711722,841
3712563,862
3713425,4423
3717848,6507
3724355,7312
3731667,4025
3735692,2490
3738182,1689
3739871,2423
3742294,121
3742415,10096
3752511,3055
3755566,8985
3764551,3201
3767752,5136
3772888,1657
3774545,2633
3777178,1604
3778782,2134
3780916,222
3781138,4000
3785138,6840
3791978,1378
3793356,835
3794191,4045
3798236,75
3798311,4855
3803166,5630
3808796,3771
3812567,3883
3816450,5085
3821535,9407
3830942,6408
3837350,7728
3845078,1235
3846313,1962
3848275,1094
3849369,5291
3854660,5796
3860456,2732
3863188,1617
3864805,13891
3878696,220
3878916,1427
3880343,3153
3883496,4391
3887887,1485
3889372,2373
3891745,2134
3893879,2325
3896204,3994
3900198,1549
3901747,2590
3904337,7298
3911635,10583
3922218,974
3923192,8078
3931270,4475
3935745,1031
3936776,8085
3944861,1495
3946356,2261
3948617,11964
3960581,93
3960674,1461
3962135,11204
3973339,2442
3975781,4953
3980734,524
3981258,7654
3988912,3615
3992527,7840
4000367,2869
4003236,3861
4007097,1659
4008756,7880
4016636,9057
4025693,962
4026655,482
4027137,1472
4028609,11556
4040165,813
4040978,11198
4052176,5658
4057834,635
4058469,11814
4070283,2427
4072710,3640
4076350,773
4077123,1246
4078369,4739
4083108,2338
4085446,1353
4086799,794
4087593,2832
4090425,1389
4091814,10113
4101927,5614
4107541,9174
4116715,3638
4120353,12517
4132870,2401
4135271,3792
4139063,593
4139656,26
4139682,1020
4140702,1555
4142257,1786
4144043,2646
4146689,2187
4148876,413
4149289,1559
4150848,1452
4152300,2789
4155089,147
4155236,1066
4156302,4234
4160536,7061
4167597,2282
4169879,148
4170027,6117
4176144,9109
4185253,5143
4190396,2386
4192782,4860
4197642,7
4197649,10428
4208077,13088
4221165,4796
4225961,627
4226588,969
4227557,6628
4234185,2142
4236327,2238
4238565,1036
4239601,670
4240271,7043
4247314,2026
4249340,269
4249609,8713
4258322,5542
4263864,13943
4277807,1692
4279499,1326
4280825,2687
4283512,490
4284002,997
4284999,1031
4286030,1764
4287794,3443
4291237,3604
4294841,4259
4299100,804
4299904,2094
4301998,3619
4305617,3535
4309152,4304
4313456,6893
4320349,4684
4325033,3012
4328045,474
4328519,682
4329201,1120
4330321,5624
4335945,245
4336190,1839
4338029,1681
4339710,4539
4344249,8684
4352933,8844
4361777,509
4362286,4170
4366456,3683
4370139,2102
4372241,1208
4373449,4694
4378143,144
4378287,1828
4380115,3631
4383746,4672
4388418,2061
4390479,6619
4397098,1222
4398320,8087
4406407,53
4406460,10429
4416889,34
4416923,849
4417772,8156
4425928,3589
4429517,681
4430198,1996
4432194,1169
4433363,2875
4436238,9600
4445838,1778
4447616,6091
4453707,9108
4462815,533
4463348,2988
4466336,2089
4468425,3425
4471850,9402
4481252,3254
4484506,315
4484821,709
4485530,9925
4495455,3927
4499382,1699
4501081,3783
4504864,1719
4506583,6512
4513095,445
4513540,167
4513707,8668
4522375,6561
4528936,173
4529109,3593
4532702,1331
4534033,12778
4546811,3442
4550253,663
4550916,620
4551536,1715
4553251,1262
4554513,296
4554809,53
4554862,816
4555678,4374
4560052,6389
4566441,348
4566789,3265
4570054,1002
4571056,5198
4576254,6267
4582521,1463
4583984,1289
4585273,9485
4594758,526
4595284,359
4595643,172
4595815,4134
4599949,6103
4606052,6599
4612651,8594
4621245,1553
4622798,1424
4624222,2312
4626534,7995
4634529,11027
4645556,3272
4648828,4242
4653070,1668
4654738,7541
4662279,366
4662645,11731
4674376,1171
4675547,6115
4681662,5396
4687058,3960
4691018,4756
4695774,2844
4698618,4917
4703535,12198
4715733,968
4716701,2825
4719526,1050
4720576,1553
4722129,5299
4727428,4242
4731670,5451
4737121,3945
4741066,351
4741417,1896
4743313,4942
4748255,1157
4749412,1954
4751366,6550
4757916,9429
4767345,8874
4776219,10217
4786436,2189
4788625,5522
4794147,1315
4795462,819
4796281,3802
4800083,263
4800346,4667
4805013,7269
4812282,9461
4821743,3113
4824856,6226
4831082,311
4831393,6095
4837488,3297
4840785,4657
4845442,13247
4858689,44
4858733,372
4859105,6057
4865162,14617
4879779,1564
4881343,2727
4884070,276
4884346,1757
4886103,226
4886329,708
4887037,2838
4889875,3255
4893130,1756
4894886,2106
4896992,472
4897464,4369
4901833,200
4902033,8640
4910673,313
4910986,2224
4913210,3263
4916473,577
4917050,8974
4926024,10504
4936528,1752
4938280,126
4938406,1808
4940214,4020
4944234,1186
4945420,490
4945910,7828
4953738,5291
4959029,404
4959433,10172
4969605,231
4969836,14052
4983888,4577
4988465,3398
4991863,562
4992425,2520
4994945,3407
4998352,7870
5006222,78
5006300,13891
5020191,4634
5024825,4377
5029202,765
5029967,117
5030084,3282
5033366,645
5034011,3525
5037536,731
5038267,14492
5052759,346
5053105,5486
5058591,543
5059134,1047
5060181,1498
5061679,267
5061946,953
5062899,2031
5064930,1040
5065970,1721
5067691,2088
5069779,1089
5070868,2890
5073758,2186
5075944,2670
5078614,5346
5083960,2147
5086107,1200
5087307,3237
5090544,6149
5096693,7867
5104560,950
5105510,308
5105818,5784
5111602,450
5112052,11122
5123174,1150
5124324,10282
5134606,5797
5140403,2453
5142856,13851
5156707,239
5156946,612
5157558,4247
5161805,419
5162224,6889
5169113,2578
5171691,10393
5182084,2602
5184686,5442
5190128,3145
5193273,2021
5195294,1549
5196843,2845
5199688,213
5199901,4817
5204718,12606
5217324,1065
5218389,1302
5219691,7802
5227493,7228
5234721,2850
5237571,491
5238062,1303
5239365,2743
5242108,4050
5246158,1172
5247330,1024
5248354,3013
5251367,435
5251802,4528
5256330,11174
5267504,1509
5269013,230
5269243,3195
5272438,1768
5274206,2298
5276504,3278
5279782,3417
5283199,3839
5287038,6282
5293320,351
5293671,1331
5295002,10209
5305211,3099
5308310,4857
5313167,1769
5314936,9548
5324484,848
5325332,6114
5331446,10647
5342093,5267
5347360,12262
5359622,1522
5361144,120
5361264,5808
5367072,2416
5369488,2430
5371918,3924
5375842,12350
5388192,6090
5394282,1281
5395563,3706
5399269,2687
5401956,203
5402159,1588
5403747,524
5404271,1251
5405522,4758
5410280,5238
5415518,5479
5420997,4043
5425040,3655
5428695,4177
5432872,2939
5435811,9811
5445622,13236
5458858,3423
5462281,8162
5470443,317
5470760,15861
5486621,448
5487069,23
5487092,412
5487504,1340
5488844,2208
5491052,3811
5494863,4141
5499004,809
5499813,7043
5506856,1852
5508708,694
5509402,63
5509465,4184
5513649,4211
5517860,8166
5526026,496
5526522,1113
5527635,964
5528599,10840
5539439,741
5540180,2385
5542565,4769
5547334,5572
5552906,1918
5554824,1264
5556088,2626
5558714,2706
5561420,1386
5562806,5153
5582580,2519
5585099,1807
5586906,486
5587392,69
5587461,151
5587612,953
5588565,862
5589427,2422
5591849,2845
5594694,220
5594914,1927
5596841,1663
5598504,651
5599155,592
5599747,221
5599968,826
5600794,6157
5606951,1515
5608466,7916
5616382,2520
5618902,598
5627519,216
5627735,982
5628717,2689
5631406,1086
5632492,6487
5645633,2015
5647648,10323
5668435,1529
5669964,627
5670591,946
5671537,5468
5677005,5673
5682678,3185
5685863,6751
5692614,1199
5693813,1820
5695633,428
5696061,2942
5699003,289
5699292,2125
5701417,7208
5708625,739
5709364,1431
5710795,3830
5714625,5990
5720615,3233
5723848,6444
5730292,4101
5734393,7852
5742245,7922
5750167,4863
5755030,12143
5767173,955
5768128,10334
5778462,738
5779200,1899
5781099,2788
5783887,10683
5794570,1590
5796160,12470
5808630,1007
5809637,2800
5812437,6844
5819281,1083
5820364,11217
5831581,6586
5838167,9535
5847702,1110
5848812,12679
5861491,1338
5862829,2654
5865483,690
5866173,2281
5868454,1639
5870093,551
5870644,53
5870697,70
5870767,1732
5872499,5687
5878186,684
5878870,3815
5882685,5467
5888152,5389
5893541,6538
5900079,1833
5901912,702
5902614,1555
5904169,1473
5905642,2834
5908476,9338
5917814,2091
5919905,1811
5921716,1866
5923582,4093
5927675,10854
5938529,1451
5939980,221
5940201,4714
5944915,9335
5954250,38
5954288,7061
5961349,416
5961765,1720
5963485,1835
5965320,7492
5972812,3758
5976570,353
5976923,2805
5979728,1076
5980804,8954
5989758,10374
6000132,351
6000483,3231
6003714,5096
6008810,9377
6018187,3735
6021922,1840
6023762,5940
6029702,4090
6033792,3538
6037330,5156
6042486,6063
6048549,11615
6060164,5707
6065871,13856
6079727,178
6079905,1895
6081800,756
6082556,643
6083199,4902
6088101,2082
6090183,724
6090907,496
6091403,2955
6094358,2644
6097002,394
6097396,1477
6098873,3105
6101978,9648
6111626,4192
6115818,8441
6124259,4849
6129108,1039
6130147,167
6130314,3465
6133779,569
6134348,63
6134411,849
6135260,3574
6138834,2123
6140957,5971
6146928,6940
6153868,3882
6157750,8580
6166330,1558
6167888,2575
6170463,4369
6174832,189
6175021,9987
6185008,10256
6195264,2693
6197957,4376
6202333,4644
6206977,3134
6210111,12852
6222963,2872
6225835,887
6226722,810
6227532,191
6227723,85
6227808,2239
6230047,671
6230718,1792
6232510,161
6232671,2242
6234913,1072
6235985,2839
6238824,1899
6240723,4644
6245367,82
6245449,727
6246176,2436
6248612,688
6249300,2727
6252027,8506
6260533,673
6261206,7960
6269166,4169
6273335,1301
6274636,649
6275285,6913
6282198,5552
6287750,9102
6296852,2657
6299509,1769
6301278,83
6301361,997
6302358,1958
6304316,9418
6313734,4366
6318100,6954
6325054,4359
6329413,10754
6340167,2169
6342336,111
6342447,847
6343294,4120
6347414,5193
6352607,3199
6355806,4206
6360012,1
6360013,7802
6367815,9212
6377027,9597
6386624,9973
6396597,443
6397040,1896
6398936,697
6399633,5244
6404877,2520
6407397,3353
6410750,803
6411553,1480
6413033,218
6413251,758
6414009,583
6414592,1966
6416558,432
6416990,2371
6419361,1096
6420457,2108
6422565,2968
6425533,2214
6427747,2478
6430225,2117
6432342,3742
6436084,1204
6437288,4014
6441302,2565
6443867,728
6444595,6836
6451431,2966
6454397,251
6454648,761
6455409,252
6455661,1722
6457383,1443
6458826,3396
6462222,22
6462244,2380
6464624,7977
6472601,5820
6478421,2558
6480979,3180
6484159,11299
6495458,450
6495908,1059
6496967,11058
6508025,5862
6513887,364
6514251,404
6514655,6685
6521340,1122
6522462,6979
6529441,10658
6540099,2299
6542398,11500
6553898,6091
6559989,219
6560208,398
6560606,576
6561182,1950
6563132,4980
6568112,365
6568477,490
6568967,1492
6570459,272
6570731,771
6571502,3394
6574896,5399
6580295,1089
6581384,515
6581899,2551
6584450,290
6584740,9108
6593848,10219
6604067,2589
6606656,3306
6609962,1123
6611085,4818
6615903,12437
6628340,389
6628729,690
6629419,2642
6632061,2896
6634957,2776
6637733,2232
6639965,10663
6650628,513
6651141,2353
6653494,1379
6654873,5577
6660450,386
6660836,439
6661275,4306
6665581,7164
6672745,1447
6674192,13624
6687816,6060
6693876,781
6694657,7410
6702067,2260
6704327,1018
6705345,949
6706294,1626
6707920,3990
6711910,7384
6719294,1417
6720711,4404
6725115,88
6725203,2390
6727593,1901
6729494,11306
6740800,7691
6748491,43
6748534,2833
6751367,5176
6756543,3724
6760267,5061
6765328,8799
6774127,9411
6783538,7993
6791531,577
6792108,6549
6798657,9517
6808174,6331
6814505,12366
6826871,13029
6839900,1066
6840966,1185
6842151,3104
6845255,2967
6848222,12806
6861028,5153
6866181,2505
6868686,2355
6871041,5212
6876253,4556
6880809,2985
6883794,6714
6890508,791
6891299,14617
6905916,675
6906591,1129
6907720,1130
6908850,1689
6910539,12922
6923461,918
6924379,1104
6925483,2836
6928319,2938
6931257,7449
6953826,123
6953949,70
6954019,5516
6959535,1560
6961095,2126
6963221,252
6963473,748
6964221,193
6964414,4005
6974550,435
6979503,5369
6984872,242
6985114,1945
6994460,225
6994685,611
7000996,1026
7011824,838
7025086,2236
7027322,2250
7029572,2345
7031917,947
7032864,1346
7036858,2028
7043536,1735
7050309,3891
7054200,8472
7062672,1129
7063801,1864
7065665,1163
7076927,3019
7079946,1373
7081319,527
7081846,5510
7087356,609
7087965,897
7088862,4066
7092928,2765
7095693,9579
7105272,2004
7107276,3978
7111254,512
7111766,6871
7118637,2913
7121550,11055
7132605,6171
7138776,6607
7145383,11959
7157342,1411
7158753,725
7159478,3147
7162625,1512
7164137,4292
7168429,8057
7176486,291
7176777,14830
7191607,4294
7195901,1602
7197503,4662
7202165,4953
7207118,5847
7212965,11148
7224113,8101
7232214,5660
7237874,5356
7243230,8622
7251852,12800
7264652,6608
7271260,849
7272109,14738
7286847,2099
7288946,2506
7291452,482
7291934,3442
7295376,286
7295662,995
7296657,4002
7300659,7193
7307852,9712
7317564,12676
7330240,1930
7332170,4152
7351672,1183
7352855,371
7353226,472
7353698,738
7354436,46
7354482,4657
7359139,117
7359256,976
7360232,871
7361103,67
7361170,1444
7362614,3792
7366406,4684
7371090,1469
7372559,5391
7377950,781
7378731,596
7379327,6025
7385352,3937
7389289,2929
7392218,4018
7396236,4322
7400558,17
7415006,1185
7416191,663
7416854,857
7417711,281
7417992,3870
7421862,508
7422370,3952
7426322,2201
7428523,2317
7430840,564
7431404,3698
7435102,5573
7440675,153
7440828,1604
7442432,5777
7448209,3034
7451243,1063
7452306,2114
7454420,6379
7460799,395
7461194,228
7461422,126
7461548,6784
7468332,405
7468737,500
7469237,706
7469943,5356
7475299,1946
7477245,4322
7481567,4981
7486548,1393
7487941,385
7488326,50
7488376,3802
7492178,6258
7498436,6732
7505168,2779
7515771,1437
7517208,66
7517274,123
7517397,2383
7524870,1096
7525966,6390
7532356,119
7540473,3013
7543486,4103
7547589,3405
7550994,1611
7557252,6661
7563913,2340
7566253,1009
7567262,2050
7569312,2094
7571406,278
7571684,5638
7577322,4614
7581936,6446
7588382,2827
7591209,4274
7595483,1238
7596721,8729
7605450,6660
7612110,6207
7618317,3030
7621347,2986
7634055,1577
7635632,1924
7637556,312
7637868,4530
7642398,2437
7644835,65
7644900,2485
7647385,7684
7655069,12004
7667073,228
7667301,2986
7670287,286
7670573,3145
7673718,1278
7674996,169
7675165,220
7675385,2017
7677402,84
7677486,8180
7685666,1524
7687190,2302
7689492,1595
7691087,1025
7692112,1495
7693607,558
7694165,2895
7697060,11297
7708357,5719
7714076,1074
7715150,68
7715218,5015
7720233,11389
7731622,2124
7733746,2402
7736148,1860
7738008,3863
7741871,940
7742811,9443
7752254,3995
7756249,11093
7767342,3797
7771139,1260
7772399,6670
7779069,6568
7785637,2223
7787860,1190
7789050,2880
7791930,7617
7799547,9616
7809163,4965
7814128,5208
7819336,3554
7822890,3667
7826557,4095
7830652,5007
7835659,131
7835790,825
7836615,10577
7847192,786
7847978,1384
7849362,2553
7851915,3716
7855631,2586
7858217,1329
7859546,11100
7870646,3437
7874083,12713
7886796,817
7887613,1774
7889387,2413
7891800,496
7892296,646
7892942,1611
7894553,9198
7903751,1891
7905642,3543
7909185,6421
7915606,6843
7922449,12227
7934676,2039
7936715,1929
7938644,135
7938779,462
7939241,108
7939349,5610
7944959,3236
7948195,10263
7958458,11012
7969470,1211
7970681,1084
7971765,351
7972116,1632
7973748,8467
7982215,2501
7984716,2688
7987404,658
7988062,4878
7992940,12213
8005153,7405
8012558,1737
8014295,276
8014571,5325
8019896,398
8020294,173
8020467,1151
8021618,9827
8031445,17
8031462,5707
8037169,57
8037226,9417
8046643,599
8047242,738
8047980,3430
8051410,6698
8058108,2447
8060555,5101
8065656,3281
8068937,574
8069511,2008
8071519,1147
8072666,4748
8077414,4910
8082324,7706
8090030,3636
8093666,9545
8103211,6232
8109443,10683
8120126,682
8120808,4532
8125340,4966
8130306,2519
8132825,3485
8136310,1029
8137339,2506
8139845,9715
8149560,12330
8161890,1325
8163215,6159
8169374,4703
8174077,9902
8183979,13197
8197176,180
8197356,987
8198343,3007
8201350,2592
8203942,6689
8210631,71
8210702,2017
8212719,882
8213601,5798
8219399,10791
8230190,3281
8233471,1738
8235209,6227
8241436,3466
8244902,6525
8251427,8343
8259770,1506
8261276,8915
8270191,10587
8280778,1087
8281865,12121
8293986,7758
8301744,10574
8312318,10712
8323030,14639
8337669,891
8338560,794
8339354,2565
8341919,4489
8361140,71
8361211,142
8361353,2906
8364259,716
8364975,2320
8367295,1261
8368556,202
8368758,240
8368998,3686
8372684,404
8373088,1334
8374422,1281
8375703,787
8376490,1711
8378201,5557
8383758,440
8384198,3159
8387357,2465
8399117,91
8399208,1593
8406564,6192
8412756,2658
8415414,5038
8420452,920
8421372,790
8422162,2976
8425138,700
8425838,8166
8434004,354
8434358,9665
8444023,3893
8447916,1513
8449429,2445
8451874,1080
8452954,2424
8455378,373
8455751,5674
8461425,3945
8465370,6209
8471579,3994
8475573,8844
8484417,736
8485153,6752
8491905,9685
8501590,7443
8509033,5797
8514830,7287
8522117,4009
8526126,4143
8530269,12587
8542856,464
8543320,328
8543648,243
8543891,149
8544040,3296
8547336,7418
8554754,4580
8559334,1658
8560992,666
8561658,2839
8564497,3199
8567696,1713
8569409,5552
8574961,4279
8579240,4708
8583948,4150
8588098,6431
8594529,3223
8597752,6164
8603916,7201
8611117,898
8612015,10112
8622127,3635
8625762,3366
8629128,56
8629184,10
8629194,5053
8634247,7323
8641570,1205
8642775,766
8643541,2067
8645608,6110
8651718,7391
8659109,3076
8662185,4494
8666679,6031
8672710,3757
8676467,592
8677059,8378
8685437,10583
8696020,805
8696825,1808
8698633,7614
8706247,33
8706280,2642
8708922,2226
8711148,5891
8717039,577
8717616,3114
8720730,5289
8726019,3578
8729597,7654
8737251,2502
8739753,1261
8741014,8033
8749047,2168
8751215,4804
8756019,4284
8760303,7086
8767389,4660
8772049,8694
8780743,7094
8787837,12095
8799932,502
8800434,133
8800567,150
8800717,4432
8805149,193
8805342,6595
8811937,5578
8817515,4956
8822471,4055
8826526,11059
8837585,6323
8857033,359
8857392,159
8857551,1708
8859259,5081
8864340,1837
8866177,3174
8869351,3896
8873247,4159
8883557,4375
8887932,5098
8893030,210
8893240,97
8893337,55
8893392,1659
8895051,154
8895205,2878
8898083,1598
8899681,3415
8903096,7250
8910346,3509
8913855,5134
8918989,7820
8926809,6239
8933048,2874
8935922,2023
8937945,873
8938818,5550
8944368,3120
8947488,1446
8948934,5735
8954669,6790
8961459,1738
8963197,5546
8968743,10772
8979515,3107
8982622,7263
9000712,1139
9001851,1617
9003468,5440
9008908,8876
9017784,6028
9023812,2665
9026477,179
9026656,655
9027311,3
9027314,1116
9028430,730
9029160,2098
9031258,6957
9038215,1331
9039546,4387
9043933,9853
9053786,1516
9055302,7131
9062433,3099
9065532,4080
9069612,3396
9073008,1078
9074086,881
9074967,1438
9076405,10576
9086981,5509
9092490,4526
9097016,1380
9113666,412
9114078,533
9114611,2275
9116886,2310
9119196,971
9120167,655
9120822,2366
9123188,3992
9127180,4208
9131388,1047
9132435,745
9133180,1003
9134183,1843
9136026,5879
9141905,1050
9142955,1286
9144241,5804
9150045,8065
9158110,1399
9159509,3548
9163057,292
9163349,4856
9168205,1040
9169245,5507
9174752,6734
9181486,3957
9185443,458
9185901,8829
9194730,6782
9201512,544
9202056,593
9202649,975
9203624,9301
9212925,1690
9214615,2620
9217235,4464
9221699,645
9222344,2519
9224863,5438
9230301,2932
9233233,3990
9237223,8578
9245801,6911
9252712,2115
9254827,9701
9264528,1200
9265728,5645
9271373,1070
9272443,2016
9274459,398
9274857,6572
9281429,3068
9284497,3477
9287974,8353
9296327,2724
9299051,1625
9300676,8329
9309005,184
9309189,4411
9313600,5037
9318637,3743
9322380,651
9336507,739
9351501,235
9351736,15
9351751,262
9352013,520
9356892,1438
9358330,1539
9359869,4070
9363939,1185
9365124,8342
9373466,177
9373643,243
9373886,9200
9383086,1907
9394551,1196
9395747,1448
9397195,2877
9410022,2564
9412586,7039
9419625,1368
9420993,5837
9426830,10118
9436948,747
9437695,690
9449183,4156
9453339,113
9453452,491
9453943,246
9454189,903
9455092,4199
9459291,3425
9462716,518
9463234,13843
9477077,1835
9478912,462
9479374,699
9480073,1216
9481289,1679
9482968,1868
9484836,5840
9490676,6174
9496850,4386
9501236,1812
9503048,4463
9507511,7222
9514733,4659
9519392,5068
9524460,3745
9543984,3
9543987,491
9544478,2237
9546715,161
9546876,1694
9548570,1227
9549797,2179
9551976,2177
9554153,2359
9556512,1340
9557852,27
9557879,1544
9559423,5386
9564809,1357
9566166,5669
9571835,491
9572326,4793
9577119,8948
9586067,8594
9594661,1584
9596245,696
9596941,4579
9601520,2799
9604319,7231
9611550,3926
9615476,2551
9618027,2743
9620770,1099
9621869,7522
9629391,1064
9630455,10323
9640778,124
9640902,679
9641581,1570
9643151,3833
9646984,9516
9656500,1445
9657945,2095
9660040,568
9671012,419
9671431,2887
9674318,1092
9675410,1393
9683049,4903
9687952,1877
9689829,1833
9691662,8304
9699966,8491
9708457,5253
9713710,1367
9715077,6285
9721362,9816
9731178,2346
9743363,251
9743614,588
9744202,2751
9746953,301
9747254,411
9747665,1395
9749060,3389
9752449,4790
9757239,2561
9759800,186
9759986,640
9760626,3835
9764461,5347
9769808,1108
9770916,6824
9777740,5635
9783375,462
9783837,135
9783972,2271
9786243,2329
9798280,1283
9799563,3218
9802781,482
9803263,7142
9810405,6572
9816977,6445
9823422,5993
9829415,8312
9837727,9082
9846809,8895
9855704,5293
9860997,10679
9871676,973
9872649,428
9873077,1239
9874316,11458
9885774,14601
9900375,509
9900884,2512
9903396,1300
9904696,6125
9910821,2375
9913196,10973
9924169,11820
9935989,1236
9937225,12805
9950030,3158
9953188,161
9968641,17
9968658,5
9968663,93
9968756,3584
9972340,4307
9976647,404
9977051,6736
9991101,6800
9997901,1840
9999741,259
-5,4
-5,4
-5,4
-5,4
-5,4
-5,4
-5,4
-5,4
-5,4
-5,4
-5,4
-5,4
-5,4
-5,4
-5,4
-5,4
-5,4
-5,4
-5,4
-5,4
-5,4
-5,4
-5,4
-5,4
-5,4
-5,4
-5,4
-5,4
-5,4
-5,4
-5,4
-5,4
-5,4
-5,4
-5,4
-5,4
-5,4
-5,4
-5,4
-5,4
-5,4
-5,4
-5,4
-5,4
-5,4
-5,4
-5,4
-5,4
-5,4
-5,4
-5,4
-5,4
-5,4
-5,4
-5,4
-5,4
-5,4
-5,4
-5,4
-5,4
-5,4
-5,4
-5,4
-5,4
-5,4
-5,4
-5,4
-5,4
-5,4
-5,4
-5,4
-5,4
-5,4
-5,4
-5,4
-5,4
-5,4
-5,4
-5,4
-5,4
-5,4
-5,4
-5,4
-5,4
-5,4
-5,4
-5,4
-5,4
-5,4
-5,4
-5,4
-5,4
-5,4
-5,4
-5,4
-5,4
-5,4
-5,4
-5,4
-5,4
-5,4
-5,4
-5,4
-5,4
-5,4
-5,4
-5,4
-5,4
-5,4
-5,4
-5,4
-5,4
-5,4
-5,4
-5,4
-5,4
-5,4
-5,4
-5,4
-5,4
-5,4
-5,4
-5,4
-5,4
-5,4
-5,4
-5,4
-5,4
-5,4
-5,4
-5,4
-5,4
-5,4
-5,4
-5,4
-5,4
-5,4
-5,4
-5,4
-5,4
-5,4
-5,4
-5,4
-5,4
-5,4
-5,4
-5,4
-5,4
-5,4
-5,4
-5,4
-5,4
-5,4
-5,4
-5,4
-5,4
-5,4
-5,4
-5,4
-5,4
-5,4
-5,4
-5,4
-5,4
-5,4
-5,4
-5,4
-5,4
-5,4
-5,4
-5,4
-5,4
-5,4
-5,4
-5,4
-5,4
-5,4
-5,4
-5,4
-5,4
-5,4
-5,4
-5,4
-5,4
-5,4
-5,4
-5,4
-5,4
-5,4
-5,4
-5,4
-5,4
-5,4
-5,4
-5,4
-5,4
-5,4
-5,4
-5,4
-5,4
-5,4
-5,4
-5,4
-5,4
-5,4
-5,4
-5,4
-5,4
-5,4
-5,4
-5,4
-5,4
-5,4
-5,4
-5,4
-5,4
-5,4
-5,4
-5,4
-5,4
-5,4
-5,4
-5,4
-5,4
-5,4
-5,4
-5,4
-5,4
-5,4
-5,4
-5,4
-5,4
-5,4
-5,4
-5,4
-5,4
-5,4
-5,4
-5,4
-5,4
-5,4
-5,4
-5,4
-5,4
-5,4
-5,4
-5,4
-5,4
-5,4
-5,4
-5,4
-5,4
-5,4
-5,4
-5,4
-5,4
-5,4
-5,4
-5,4
-5,4
-5,4
-5,4
-5,4
-5,4
-5,4
-5,4
-5,4
-5,4
-5,4
-5,4
-5,4
-5,4
-5,4
-5,4
-5,4
-5,4
-5,4
-5,4
-5,4
-5,4
-5,4
-5,4
-5,4
-5,4
-5,4
-5,4
-5,4
-5,4
-5,4
-5,4
-5,4
-5,4
-5,4
-5,4
-5,4
-5,4
-5,4
-5,4
-5,4
-5,4
-5,4
-5,4
-5,4
-5,4
-5,4
-5,4
-5,4
-5,4
-5,4
-5,4
-5,4
-5,4
-5,4
-5,4
-5,4
-5,4
-5,4
-5,4
-5,4
-5,4
-5,4
-5,4
-5,4
-5,4
-5,4
-5,4
-5,4
-5,4
-5,4
-5,4
-5,4
-5,4
-5,4
-5,4
-5,4
-5,4
-5,4
-5,4
-5,4
-5,4
-5,4
-5,4
-5,4
-5,4
-5,4
-5,4
-5,4
-5,4
-5,4
-5,4
-5,4
-5,4
-5,4
-5,4
-5,4
-5,4
-5,4
-5,4
-5,4
-5,4
-5,4
-5,4
-5,4
-5,4
-5,4
-5,4
-5,4
-5,4
-5,4
-5,4
-5,4
-5,4
-5,4
-5,4
-5,4
-5,4
-5,4
-5,4
-5,4
-5,4
-5,4
-5,4
-5,4
-5,4
-5,4
-5,4
-5,4
-5,4
-5,4
-5,4
-5,4
-5,4
-5,4
-5,4
-5,4
-5,4
-5,4
-5,4
-5,4
-5,4
-5,4
-5,4
-5,4
-5,4
-5,4
-5,4
-5,4
-5,4
-5,4
-5,4
-5,4
-5,4
-5,4
-5,4
-5,4
-5,4
-5,4
-5,4
-5,4
-5,4
-5,4
-5,4
-5,4
-5,4
-5,4
-5,4
-5,4
-5,4
-5,4
-5,4
-5,4
-5,4
-5,4
-5,4
-5,4
-5,4
-5,4
-5,4
-5,4
-5,4
-5,4
-5,4
-5,4
-5,4
-5,4
-5,4
-5,4
-5,4
-5,4
-5,4
-5,4
-5,4
-5,4
-5,4
-5,4
-5,4
-5,4
-5,4
-5,4
-5,4
-5,4
-5,4
-5,4
-5,4
-5,4
-5,4
-5,4
-5,4
-5,4
-5,4
-5,4
-5,4
-5,4
-5,4
-5,4
-5,4
-5,4
-5,4
-5,4
-5,4
-5,4
-5,4
-5,4
-5,4
-5,4
-5,4
-5,4
-5,4
-5,4
-5,4
-5,4
-5,4
-5,4
-5,4
-5,4
-5,4
-5,4
-5,4
-5,4
-5,4
-5,4
-5,4
-5,4
-5,4
-5,4
-5,4
-5,4
-5,4
-5,4
-5,4
-5,4
-5,4
-5,4
-5,4
-5,4
-5,4
-5,4
-5,4
-5,4
-5,4
-5,4
-5,4
-5,4
-5,4
-5,4
-5,4
-5,4
-5,4
-5,4
-5,4
-5,4
-5,4
-5,4
-5,4
-5,4
-5,4
-5,4
-5,4
-5,4
-5,4
-5,4
-5,4
-5,4
-5,4
-5,4
-5,4
-5,4
-5,4
-5,4
-5,4
-5,4
-5,4
-5,4
-5,4
-5,4
-5,4
-5,4
-5,4
-5,4
-5,4
-5,4
-5,4
-5,4
-5,4
-5,4
-5,4
-5,4
-5,4
-5,4
-5,4
-5,4
-5,4
-5,4
-5,4
-5,4
-5,4
-5,4
-5,4
-5,4
-5,4
-5,4
-5,4
-5,4
-5,4
-5,4
-5,4
-5,4
-5,4
-5,4
-5,4
-5,4
-5,4
-5,4
-5,4
-5,4
-5,4
-5,4
-5,4
-5,4
-5,4
-5,4
-5,4
-5,4
-5,4
-5,4
-5,4
-5,4
-5,4
-5,4
-5,4
-5,4
-5,4
-5,4
-5,4
-5,4
-5,4
-5,4
-5,4
-5,4
-5,4
-5,4
-5,4
-5,4
-5,4
-5,4
-5,4
-5,4
-5,4
-5,4
-5,4
-5,4
-5,4
-5,4
-5,4
-5,4
-5,4
-5,4
-5,4
-5,4
-5,4
-5,4
-5,4
-5,4
-5,4
-5,4
-5,4
-5,4
-5,4
-5,4
-5,4
-5,4
-5,4
-5,4
-5,4
-5,4
-5,4
-5,4
-5,4
-5,4
-5,4
-5,4
-5,4
-5,4
-5,4
-5,4
-5,4
-5,4
-5,4
-5,4
-5,4
-5,4
-5,4
-5,4
-5,4
-5,4
-5,4
-5,4
-5,4
-5,4
-5,4
-5,4
-5,4
-5,4
-5,4
-5,4
-5,4
-5,4
-5,4
-5,4
-5,4
-5,4
-5,4
-5,4
-5,4
-5,4
-5,4
-5,4
-5,4
-5,4
-5,4
-5,4
-5,4
-5,4
-5,4
-5,4
-5,4
-5,4
-5,4
-5,4
-5,4
-5,4
-5,4
-5,4
-5,4
-5,4
-5,4
-5,4
-5,4
-5,4
-5,4
-5,4
-5,4
-5,4
-5,4
-5,4
-5,4
-5,4
-5,4
-5,4
-5,4
-5,4
-5,4
-5,4
-5,4
-5,4
-5,4
-5,4
-5,4
-5,4
-5,4
-5,4
-5,4
-5,4
-5,4
-5,4
-5,4
-5,4
-5,4
-5,4
-5,4
-5,4
-5,4
-5,4
-5,4
-5,4
-5,4
-5,4
-5,4
-5,4
-5,4
-5,4
-5,4
-5,4
-5,4
-5,4
-5,4
-5,4
-5,4
-5,4
-5,4
-5,4
-5,4
-5,4
-5,4
-5,4
-5,4
-5,4
-5,4
-5,4
-5,4
-5,4
-5,4
-5,4
-5,4
-5,4
-5,4
-5,4
-5,4
-5,4
-5,4
-5,4
-5,4
-5,4
-5,4
-5,4
-5,4
-5,4
-5,4
-5,4
-5,4
-5,4
-5,4
-5,4
-5,4
-5,4
-5,4
-5,4
-5,4
-5,4
-5,4
-5,4
-5,4
-5,4
-5,4
-5,4
-5,4
-5,4
-5,4
-5,4
-5,4
-5,4
-5,4
-5,4
-5,4
-5,4
-5,4
-5,4
-5,4
-5,4
-5,4
-5,4
-5,4
-5,4
-5,4
-5,4
-5,4
-5,4
-5,4
-5,4
-5,4
-5,4
-5,4
-5,4
-5,4
-5,4
-5,4
-5,4
-5,4
-5,4
-5,4
-5,4
-5,4
-5,4
-5,4
-5,4
-5,4
-5,4
-5,4
-5,4
-5,4
-5,4
-5,4
-5,4
-5,4
-5,4
-5,4
-5,4
-5,4
-5,4
-5,4
-5,4
-5,4
-5,4
-5,4
-5,4
-5,4
-5,4
-5,4
-5,4
-5,4
-5,4
-5,4
-5,4
-5,4
-5,4
-5,4
-5,4
-5,4
-5,4
-5,4
-5,4
-5,4
-5,4
-5,4
-5,4
-5,4
-5,4
-5,4
-5,4
-5,4
-5,4
-5,4
-5,4
-5,4
-5,4
-5,4
-5,4
-5,4
-5,4
-5,4
-5,4
-5,4
-5,4
-5,4
-5,4
-5,4
-5,4
-5,4
-5,4
-5,4
-5,4
-5,4
-5,4
-5,4
-5,4
-5,4
-5,4
-5,4
-5,4
-5,4
-5,4
-5,4
-5,4
-5,4
-5,4
-5,4
-5,4
-5,4
-5,4
-5,4
-5,4
-5,4
-5,4
-5,4
-5,4
-5,4
-5,4
-5,4
-5,4
-5,4
-5,4
-5,4
-5,4
-5,4
-5,4
-5,4
-5,4
-5,4
-5,4
-5,4
-5,4
-5,4
-5,4
-5,4
-5,4
-5,4
-5,4
-5,4
-5,4
-5,4
-5,4
-5,4
-5,4
-5,4
-5,4
-5,4
-5,4
-5,4
-5,4
-5,4
-5,4
-5,4
-5,4
-5,4
-5,4
-5,4
-5,4
-5,4
-5,4
-5,4
-5,4
-5,4
-5,4
-5,4
-5,4
-5,4
-5,4
-5,4
-5,4
-5,4
-5,4
-5,4
-5,4
-5,4
-5,4
-5,4
-5,4
-5,4
-5,4
-5,4
-5,4
-5,4
-5,4
-5,4
-5,4
-5,4
-5,4
-5,4
-5,4
-5,4
-5,4
-5,4
-5,4
-5,4
-5,4
-5,4
-5,4
-5,4
-5,4
-5,4
-5,4
-5,4
-5,4
-5,4
-5,4
-5,4
-5,4
-5,4
-5,4
-5,4
-5,4
-5,4
-5,4
-5,4
-5,4
-5,4
-5,4
-5,4
-5,4
-5,4
-5,4
-5,4
-5,4
-5,4
-5,4
-5,4
-5,4
-5,4
-5,4
-5,4
-5,4
-5,4
-5,4
-5,4
-5,4
-5,4
-5,4
-5,4
-5,4
-5,4
-5,4
-5,4
-5,4
-5,4
-5,4
-5,4
-5,4
-5,4
-5,4
-5,4
-5,4
-5,4
-5,4
-5,4
-5,4
-5,4
-5,4
-5,4
-5,4
-5,4
-5,4
-5,4
-5,4
-5,4
-5,4
-5,4
-5,4
-5,4
-5,4
-5,4
-5,4
-5,4
-5,4
-5,4
-5,4
-5,4
-5,4
-5,4
-5,4
-5,4
-5,4
-5,4
-5,4
-5,4
-5,4
-5,4
-5,4
-5,4
-5,4
-5,4
-5,4
-5,4
-5,4
-5,4
-5,4
-5,4
-5,4
-5,4
-5,4
-5,4
-5,4
-5,4
-5,4
-5,4
-5,4
-5,4
-5,4
-5,4
-5,4
-5,4
-5,4
-5,4
-5,4
-5,4
-5,4
-5,4
-5,4
-5,4
-5,4
-5,4
-5,4
-5,4
-5,4
-5,4
-5,4
-5,4
-5,4
-5,4
-5,4
-5,4
-5,4
-5,4
-5,4
-5,4
-5,4
-5,4
-5,4
-5,4
-5,4
-5,4
-5,4
-5,4
-5,4
-5,4
-5,4
-5,4
-5,4
-5,4
-5,4
-5,4
-5,4
-5,4
-5,4
-5,4
-5,4
-5,4
-5,4
-5,4
-5,4
-5,4
-5,4
-5,4
-5,4
-5,4
-5,4
-5,4
-5,4
-5,4
-5,4
-5,4
-5,4
-5,4
-5,4
-5,4
-5,4
-5,4
-5,4
-5,4
-5,4
-5,4
-5,4
-5,4
-5,4
-5,4
-5,4
-5,4
-5,4
-5,4
-5,4
-5,4
-5,4
-5,4
-5,4
-5,4
-5,4
-5,4
-5,4
-5,4
-5,4
-5,4
-5,4
-5,4
-5,4
-5,4
-5,4
-5,4
-5,4
-5,4
-5,4
-5,4
-5,4
-5,4
-5,4
-5,4
-5,4
-5,4
-5,4
-5,4
-5,4
-5,4
-5,4
-5,4
-5,4
-5,4
-5,4
-5,4
-5,4
-5,4
-5,4
-5,4
-5,4
-5,4
-5,4
-5,4
-5,4
-5,4
-5,4
-5,4
-5,4
-5,4
-5,4
-5,4
-5,4
-5,4
-5,4
-5,4
-5,4
-5,4
-5,4
-5,4
-5,4
-5,4
-5,4
-5,4
-5,4
-5,4
-5,4
-5,4
-5,4
-5,4
-5,4
-5,4
-5,4
-5,4
-5,4
-5,4
-5,4
-5,4
-5,4
-5,4
-5,4
-5,4
-5,4
-5,4
-5,4
-5,4
-5,4
-5,4
-5,4
-5,4
-5,4
-5,4
-5,4
-5,4
-5,4
-5,4
-5,4
-5,4
-5,4
-5,4
-5,4
-5,4
-5,4
-5,4
-5,4
-5,4
-5,4
-5,4
-5,4
-5,4
-5,4
-5,4
-5,4
-5,4
-5,4
-5,4
-5,4
-5,4
-5,4
-5,4
-5,4
-5,4
-5,4
-5,4
-5,4
-5,4
-5,4
-5,4
-5,4
-5,4
-5,4
-5,4
-5,4
-5,4
-5,4
-5,4
-5,4
-5,4
-5,4
-5,4
-5,4
-5,4
-5,4
-5,4
-5,4
-5,4
-5,4
-5,4
-5,4
-5,4
-5,4
-5,4
-5,4
-5,4
-5,4
-5,4
-5,4
-5,4
-5,4
-5,4
-5,4
-5,4
-5,4
-5,4
-5,4
-5,4
-5,4
-5,4
-5,4
-5,4
-5,4
-5,4
-5,4
-5,4
-5,4
-5,4
-5,4
-5,4
-5,4
-5,4
-5,4
-5,4
-5,4
-5,4
-5,4
-5,4
-5,4
-5,4
-5,4
-5,4
-5,4
-5,4
-5,4
-5,4
-5,4
-5,4
-5,4
-5,4
-5,4
-5,4
-5,4
-5,4
-5,4
-5,4
-5,4
-5,4
-5,4
-5,4
-5,4
-5,4
-5,4
-5,4
-5,4
-5,4
-5,4
-5,4
-5,4
-5,4
-5,4
-5,4
-5,4
-5,4
-5,4
-5,4
-5,4
-5,4
-5,4
-5,4
-5,4
-5,4
-5,4
-5,4
-5,4
-5,4
-5,4
-5,4
-5,4
-5,4
-5,4
-5,4
-5,4
-5,4
-5,4
-5,4
-5,4
-5,4
-5,4
-5,4
-5,4
-5,4
-5,4
-5,4
-5,4
-5,4
-5,4
-5,4
-5,4
-5,4
-5,4
-5,4
-5,4
-5,4
-5,4
-5,4
-5,4
-5,4
-5,4
-5,4
-5,4
-5,4
-5,4
-5,4
-5,4
-5,4
-5,4
-5,4
-5,4
-5,4
-5,4
-5,4
-5,4
-5,4
-5,4
-5,4
-5,4
-5,4
-5,4
-5,4
-5,4
-5,4
-5,4
-5,4
-5,4
-5,4
-5,4
-5,4
-5,4
-5,4
-5,4
-5,4
-5,4
-5,4
-5,4
-5,4
-5,4
-5,4
-5,4
-5,4
-5,4
-5,4
-5,4
-5,4
-5,4
-5,4
-5,4
-5,4
-5,4
-5,4
-5,4
-5,4
-5,4
-5,4
-5,4
-5,4
-5,4
-5,4
-5,4
-5,4
-5,4
-5,4
-5,4
-5,4
-5,4
-5,4
-5,4
-5,4
-5,4
-5,4
-5,4
-5,4
-5,4
-5,4
-5,4
-5,4
-5,4
-5,4
-5,4
-5,4
-5,4
-5,4
-5,4
-5,4
-5,4
-5,4
-5,4
-5,4
-5,4
-5,4
-5,4
-5,4
-5,4
-5,4
-5,4
-5,4
-5,4
-5,4
-5,4
-5,4
-5,4
-5,4
-5,4
-5,4
-5,4
-5,4
-5,4
-5,4
-5,4
-5,4
-5,4
-5,4
-5,4
-5,4
-5,4
-5,4
-5,4
-5,4
-5,4
-5,4
-5,4
-5,4
-5,4
-5,4
-5,4
-5,4
-5,4
-5,4
-5,4
-5,4
-5,4
-5,4
-5,4
-5,4
-5,4
-5,4
-5,4
-5,4
-5,4
-5,4
-5,4
-5,4
-5,4
-5,4
-5,4
-5,4
-5,4
-5,4
-5,4
-5,4
-5,4
-5,4
-5,4
-5,4
-5,4
-5,4
-5,4
-5,4
-5,4
-5,4
-5,4
-5,4
-5,4
-5,4
-5,4
-5,4
-5,4
-5,4
-5,4
-5,4
-5,4
-5,4
-5,4
-5,4
-5,4
-5,4
-5,4
-5,4
-5,4
-5,4
-5,4
-5,4
-5,4
-5,4
-5,4
-5,4
-5,4
-5,4
-5,4
-5,4
-5,4
-5,4
-5,4
-5,4
-5,4
-5,4
-5,4
-5,4
-5,4
-5,4
-5,4
-5,4
-5,4
-5,4
-5,4
-5,4
-5,4
-5,4
-5,4
-5,4
-5,4
-5,4
-5,4
-5,4
-5,4
-5,4
-5,4
-5,4
-5,4
-5,4
-5,4
-5,4
-5,4
-5,4
-5,4
-5,4
-5,4
-5,4
-5,4
-5,4
-5,4
-5,4
-5,4
-5,4
-5,4
-5,4
-5,4
-5,4
-5,4
-5,4
-5,4
-5,4
-5,4
-5,4
-5,4
-5,4
-5,4
-5,4
-5,4
-5,4
-5,4
-5,4
-5,4
-5,4
-5,4
-5,4
-5,4
-5,4
-5,4
-5,4
-5,4
-5,4
-5,4
-5,4
-5,4
-5,4
-5,4
-5,4
-5,4
-5,4
-5,4
-5,4
-5,4
-5,4
-5,4
-5,4
-5,4
-5,4
-5,4
-5,4
-5,4
-5,4
-5,4
-5,4
-5,4
-5,4
-5,4
-5,4
-5,4
-5,4
-5,4
-5,4
-5,4
-5,4
-5,4
-5,4
-5,4
-5,4
-5,4
-5,4
-5,4
-5,4
-5,4
-5,4
-5,4
-5,4
-5,4
-5,4
-5,4
-5,4
-5,4
-5,4
-5,4
-5,4
-5,4
-5,4
-5,4
-5,4
-5,4
-5,4
-5,4
-5,4
-5,4
-5,4
-5,4
-5,4
-5,4
-5,4
-5,4
-5,4
-5,4
-5,4
-5,4
-5,4
-5,4
-5,4
-5,4
-5,4
-5,4
-5,4
-5,4
-5,4
-5,4
-5,4
-5,4
-5,4
-5,4
-5,4
-5,4
-5,4
-5,4
-5,4
-5,4
-5,4
-5,4
-5,4
-5,4
-5,4
-5,4
-5,4
-5,4
-5,4
-5,4
-5,4
-5,4
-5,4
-5,4
-5,4
-5,4
-5,4
-5,4
-5,4
-5,4
-5,4
-5,4
-5,4
-5,4
-5,4
-5,4
-5,4
-5,4
-5,4
-5,4
-5,4
-5,4
-5,4
-5,4
-5,4
-5,4
-5,4
-5,4
-5,4
-5,4
-5,4
-5,4
-5,4
-5,4
-5,4
-5,4
-5,4
-5,4
-5,4
-5,4
-5,4
-5,4
-5,4
-5,4
-5,4
-5,4
-5,4
-5,4
-5,4
-5,4
-5,4
-5,4
-5,4
-5,4
-5,4
-5,4
-5,4
-5,4
-5,4
-5,4
-5,4
-5,4
-5,4
-5,4
-5,4
-5,4
-5,4
-5,4
-5,4
-5,4
-5,4
-5,4
-5,4
-5,4
-5,4
-5,4
-5,4
-5,4
-5,4
-5,4
-5,4
-5,4
-5,4
-5,4
-5,4
-5,4
-5,4
-5,4
-5,4
-5,4
-5,4
-5,4
-5,4
-5,4
-5,4
-5,4
-5,4
-5,4
-5,4
-5,4
-5,4
-5,4
-5,4
-5,4
-5,4
-5,4
-5,4
-5,4
-5,4
-5,4
-5,4
-5,4
-5,4
-5,4
-5,4
-5,4
-5,4
-5,4
-5,4
-5,4
-5,4
-5,4
-5,4
-5,4
-5,4
-5,4
-5,4
-5,4
-5,4
-5,4
-5,4
-5,4
-5,4
-5,4
-5,4
-5,4
-5,4
-5,4
-5,4
-5,4
-5,4
-5,4
-5,4
-5,4
-5,4
-5,4
-5,4
-5,4
-5,4
-5,4
-5,4
-5,4
-5,4
-5,4
-5,4
-5,4
-5,4
-5,4
-5,4
-5,4
-5,4
-5,4
-5,4
-5,4
-5,4
-5,4
-5,4
-5,4
-5,4
-5,4
-5,4
-5,4
-5,4
-5,4
-5,4
-5,4
-5,4
-5,4
-5,4
-5,4
-5,4
-5,4
-5,4
-5,4
-5,4
-5,4
-5,4
-5,4
-5,4
-5,4
-5,4
-5,4
-5,4
-5,4
-5,4
-5,4
-5,4
-5,4
-5,4
-5,4
-5,4
-5,4
-5,4
-5,4
-5,4
-5,4
-5,4
-5,4
-5,4
-5,4
-5,4
-5,4
-5,4
-5,4
-5,4
-5,4
-5,4
-5,4
-5,4
-5,4
-5,4
-5,4
-5,4
-5,4
-5,4
-5,4
-5,4
-5,4
-5,4
-5,4
-5,4
-5,4
-5,4
-5,4
-5,4
-5,4
-5,4
-5,4
-5,4
-5,4
-5,4
-5,4
-5,4
-5,4
-5,4
-5,4
-5,4
-5,4
-5,4
-5,4
-5,4
-5,4
-5,4
-5,4
-5,4
-5,4
-5,4
-5,4
-5,4
-5,4
-5,4
-5,4
-5,4
-5,4
-5,4
-5,4
-5,4
-5,4
-5,4
-5,4
-5,4
-5,4
-5,4
-5,4
-5,4
-5,4
-5,4
-5,4
-5,4
-5,4
-5,4
-5,4
-5,4
-5,4
-5,4
-5,4
-5,4
-5,4
-5,4
-5,4
-5,4
-5,4
-5,4
-5,4
-5,4
-5,4
-5,4
-5,4
-5,4
-5,4
-5,4
-5,4
-5,4
-5,4
-5,4
-5,4
-5,4
-5,4
-5,4
-5,4
-5,4
-5,4
-5,4
-5,4
-5,4
-5,4
-5,4
-5,4
-5,4
-5,4
-5,4
-5,4
-5,4
-5,4
-5,4
-5,4
-5,4
-5,4
-5,4
-5,4
-5,4
-5,4
-5,4
-5,4
-5,4
-5,4
-5,4
-5,4
-5,4
-5,4
-5,4
-5,4
-5,4
-5,4
-5,4
-5,4
-5,4
-5,4
-5,4
-5,4
-5,4
-5,4
-5,4
-5,4
-5,4
-5,4
-5,4
-5,4
-5,4
-5,4
-5,4
-5,4
-5,4
-5,4
-5,4
-5,4
-5,4
-5,4
-5,4
-5,4
-5,4
-5,4
-5,4
-5,4
-5,4
-5,4
-5,4
-5,4
-5,4
-5,4
-5,4
-5,4
-5,4
-5,4
-5,4
-5,4
-5,4
-5,4
-5,4
-5,4
-5,4
-5,4
-5,4
-5,4
-5,4
-5,4
-5,4
-5,4
-5,4
-5,4
-5,4
-5,4
-5,4
-5,4
-5,4
-5,4
-5,4
-5,4
-5,4
-5,4
-5,4
-5,4
-5,4
-5,4
-5,4
-5,4
-5,4
-5,4
-5,4
-5,4
-5,4
-5,4
-5,4
-5,4
-5,4
-5,4
-5,4
-5,4
-5,4
-5,4
-5,4
-5,4
-5,4
-5,4
-5,4
-5,4
-5,4
-5,4
